This file contains single site DOS for a stand-alone atom, i.e., in vacuum
Atomic index in the system :   1
----------------------------------------------------
Fermi energy     :  0.73502232                              
Species index    :  4                                       
Num Energy Points:   500                                    
----------------------------------------------------
    Energy     DOS_total        DOS_up      DOS_down
 -0.100000  0.000000E+00  0.000000E+00  0.000000E+00
 -0.097194  0.000000E+00  0.000000E+00  0.000000E+00
 -0.094389  0.000000E+00  0.000000E+00  0.000000E+00
 -0.091583  0.000000E+00  0.000000E+00  0.000000E+00
 -0.088778  0.000000E+00  0.000000E+00  0.000000E+00
 -0.085972  0.000000E+00  0.000000E+00  0.000000E+00
 -0.083166  0.000000E+00  0.000000E+00  0.000000E+00
 -0.080361  0.000000E+00  0.000000E+00  0.000000E+00
 -0.077555  0.000000E+00  0.000000E+00  0.000000E+00
 -0.074749  0.000000E+00  0.000000E+00  0.000000E+00
 -0.071944  0.000000E+00  0.000000E+00  0.000000E+00
 -0.069138  0.000000E+00  0.000000E+00  0.000000E+00
 -0.066333  0.000000E+00  0.000000E+00  0.000000E+00
 -0.063527  0.000000E+00  0.000000E+00  0.000000E+00
 -0.060721  0.000000E+00  0.000000E+00  0.000000E+00
 -0.057916  0.000000E+00  0.000000E+00  0.000000E+00
 -0.055110  0.000000E+00  0.000000E+00  0.000000E+00
 -0.052305  0.000000E+00  0.000000E+00  0.000000E+00
 -0.049499  0.000000E+00  0.000000E+00  0.000000E+00
 -0.046693  0.000000E+00  0.000000E+00  0.000000E+00
 -0.043888  0.000000E+00  0.000000E+00  0.000000E+00
 -0.041082  0.000000E+00  0.000000E+00  0.000000E+00
 -0.038277  0.000000E+00  0.000000E+00  0.000000E+00
 -0.035471  0.000000E+00  0.000000E+00  0.000000E+00
 -0.032665  0.000000E+00  0.000000E+00  0.000000E+00
 -0.029860  0.000000E+00  0.000000E+00  0.000000E+00
 -0.027054  0.000000E+00  0.000000E+00  0.000000E+00
 -0.024248  0.000000E+00  0.000000E+00  0.000000E+00
 -0.021443  0.000000E+00  0.000000E+00  0.000000E+00
 -0.018637  0.000000E+00  0.000000E+00  0.000000E+00
 -0.015832  0.000000E+00  0.000000E+00  0.000000E+00
 -0.013026  0.000000E+00  0.000000E+00  0.000000E+00
 -0.010220  0.000000E+00  0.000000E+00  0.000000E+00
 -0.007415  0.000000E+00  0.000000E+00  0.000000E+00
 -0.004609  0.000000E+00  0.000000E+00  0.000000E+00
 -0.001804  0.000000E+00  0.000000E+00  0.000000E+00
  0.001002  0.774107E-01  0.386875E-01  0.387232E-01
  0.003808  0.151261E+00  0.755967E-01  0.756646E-01
  0.006613  0.199822E+00  0.998675E-01  0.999548E-01
  0.009419  0.239041E+00  0.119470E+00  0.119571E+00
  0.012224  0.272978E+00  0.136433E+00  0.136545E+00
  0.015030  0.303412E+00  0.151645E+00  0.151766E+00
  0.017836  0.331313E+00  0.165592E+00  0.165720E+00
  0.020641  0.357276E+00  0.178571E+00  0.178705E+00
  0.023447  0.381700E+00  0.190781E+00  0.190919E+00
  0.026253  0.404866E+00  0.202363E+00  0.202504E+00
  0.029058  0.426980E+00  0.213419E+00  0.213562E+00
  0.031864  0.448201E+00  0.224028E+00  0.224173E+00
  0.034669  0.468652E+00  0.234253E+00  0.234398E+00
  0.037475  0.488431E+00  0.244143E+00  0.244287E+00
  0.040281  0.507619E+00  0.253738E+00  0.253881E+00
  0.043086  0.526283E+00  0.263071E+00  0.263212E+00
  0.045892  0.544480E+00  0.272171E+00  0.272309E+00
  0.048697  0.562256E+00  0.281061E+00  0.281195E+00
  0.051503  0.579652E+00  0.289761E+00  0.289891E+00
  0.054309  0.596704E+00  0.298289E+00  0.298414E+00
  0.057114  0.613442E+00  0.306662E+00  0.306781E+00
  0.059920  0.629895E+00  0.314891E+00  0.315004E+00
  0.062725  0.646085E+00  0.322990E+00  0.323095E+00
  0.065531  0.662035E+00  0.330969E+00  0.331066E+00
  0.068337  0.677763E+00  0.338837E+00  0.338926E+00
  0.071142  0.693288E+00  0.346604E+00  0.346683E+00
  0.073948  0.708624E+00  0.354278E+00  0.354346E+00
  0.076754  0.723787E+00  0.361865E+00  0.361922E+00
  0.079559  0.738789E+00  0.369372E+00  0.369417E+00
  0.082365  0.753643E+00  0.376805E+00  0.376838E+00
  0.085170  0.768360E+00  0.384171E+00  0.384189E+00
  0.087976  0.782949E+00  0.391473E+00  0.391476E+00
  0.090782  0.797422E+00  0.398717E+00  0.398704E+00
  0.093587  0.811786E+00  0.405908E+00  0.405878E+00
  0.096393  0.826050E+00  0.413049E+00  0.413001E+00
  0.099198  0.840223E+00  0.420145E+00  0.420078E+00
  0.102004  0.854311E+00  0.427199E+00  0.427112E+00
  0.104810  0.868322E+00  0.434216E+00  0.434107E+00
  0.107615  0.882263E+00  0.441197E+00  0.441066E+00
  0.110421  0.896140E+00  0.448148E+00  0.447992E+00
  0.113226  0.909959E+00  0.455070E+00  0.454889E+00
  0.116032  0.923726E+00  0.461967E+00  0.461759E+00
  0.118838  0.937446E+00  0.468842E+00  0.468605E+00
  0.121643  0.951127E+00  0.475697E+00  0.475430E+00
  0.124449  0.964771E+00  0.482535E+00  0.482236E+00
  0.127255  0.978386E+00  0.489359E+00  0.489027E+00
  0.130060  0.991975E+00  0.496171E+00  0.495804E+00
  0.132866  0.100554E+01  0.502974E+00  0.502570E+00
  0.135671  0.101910E+01  0.509770E+00  0.509328E+00
  0.138477  0.103264E+01  0.516562E+00  0.516079E+00
  0.141283  0.104618E+01  0.523352E+00  0.522826E+00
  0.144088  0.105971E+01  0.530142E+00  0.529571E+00
  0.146894  0.107325E+01  0.536935E+00  0.536316E+00
  0.149699  0.108680E+01  0.543734E+00  0.543064E+00
  0.152505  0.110036E+01  0.550539E+00  0.549818E+00
  0.155311  0.111393E+01  0.557354E+00  0.556578E+00
  0.158116  0.112753E+01  0.564182E+00  0.563347E+00
  0.160922  0.114115E+01  0.571023E+00  0.570128E+00
  0.163727  0.115480E+01  0.577881E+00  0.576922E+00
  0.166533  0.116849E+01  0.584758E+00  0.583732E+00
  0.169339  0.118222E+01  0.591656E+00  0.590560E+00
  0.172144  0.119599E+01  0.598578E+00  0.597408E+00
  0.174950  0.120981E+01  0.605527E+00  0.604279E+00
  0.177756  0.122368E+01  0.612503E+00  0.611174E+00
  0.180561  0.123761E+01  0.619511E+00  0.618097E+00
  0.183367  0.125160E+01  0.626553E+00  0.625049E+00
  0.186172  0.126566E+01  0.633630E+00  0.632032E+00
  0.188978  0.127980E+01  0.640747E+00  0.639050E+00
  0.191784  0.129401E+01  0.647905E+00  0.646105E+00
  0.194589  0.130831E+01  0.655107E+00  0.653199E+00
  0.197395  0.132269E+01  0.662357E+00  0.660335E+00
  0.200200  0.133717E+01  0.669657E+00  0.667515E+00
  0.203006  0.135175E+01  0.677009E+00  0.674743E+00
  0.205812  0.136644E+01  0.684418E+00  0.682020E+00
  0.208617  0.138124E+01  0.691886E+00  0.689350E+00
  0.211423  0.139615E+01  0.699416E+00  0.696736E+00
  0.214228  0.141119E+01  0.707013E+00  0.704181E+00
  0.217034  0.142637E+01  0.714679E+00  0.711688E+00
  0.219840  0.144168E+01  0.722417E+00  0.719260E+00
  0.222645  0.145713E+01  0.730233E+00  0.726901E+00
  0.225451  0.147274E+01  0.738129E+00  0.734613E+00
  0.228257  0.148851E+01  0.746109E+00  0.742401E+00
  0.231062  0.150445E+01  0.754178E+00  0.750268E+00
  0.233868  0.152056E+01  0.762340E+00  0.758218E+00
  0.236673  0.153685E+01  0.770600E+00  0.766255E+00
  0.239479  0.155334E+01  0.778961E+00  0.774382E+00
  0.242285  0.157003E+01  0.787429E+00  0.782605E+00
  0.245090  0.158694E+01  0.796009E+00  0.790927E+00
  0.247896  0.160406E+01  0.804706E+00  0.799354E+00
  0.250701  0.162141E+01  0.813525E+00  0.807889E+00
  0.253507  0.163901E+01  0.822472E+00  0.816538E+00
  0.256313  0.165686E+01  0.831553E+00  0.825307E+00
  0.259118  0.167497E+01  0.840774E+00  0.834199E+00
  0.261924  0.169336E+01  0.850142E+00  0.843221E+00
  0.264729  0.171204E+01  0.859663E+00  0.852379E+00
  0.267535  0.173102E+01  0.869344E+00  0.861679E+00
  0.270341  0.175032E+01  0.879192E+00  0.871126E+00
  0.273146  0.176994E+01  0.889216E+00  0.880729E+00
  0.275952  0.178992E+01  0.899423E+00  0.890492E+00
  0.278758  0.181025E+01  0.909822E+00  0.900425E+00
  0.281563  0.183095E+01  0.920421E+00  0.910534E+00
  0.284369  0.185206E+01  0.931230E+00  0.920827E+00
  0.287174  0.187357E+01  0.942258E+00  0.931312E+00
  0.289980  0.189551E+01  0.953515E+00  0.941999E+00
  0.292786  0.191791E+01  0.965013E+00  0.952895E+00
  0.295591  0.194077E+01  0.976763E+00  0.964011E+00
  0.298397  0.196413E+01  0.988776E+00  0.975357E+00
  0.301202  0.198801E+01  0.100106E+01  0.986943E+00
  0.304008  0.201242E+01  0.101364E+01  0.998779E+00
  0.306814  0.203740E+01  0.102652E+01  0.101088E+01
  0.309619  0.206297E+01  0.103972E+01  0.102325E+01
  0.312425  0.208916E+01  0.105325E+01  0.103591E+01
  0.315230  0.211600E+01  0.106713E+01  0.104888E+01
  0.318036  0.214352E+01  0.108137E+01  0.106215E+01
  0.320842  0.217176E+01  0.109600E+01  0.107576E+01
  0.323647  0.220074E+01  0.111103E+01  0.108971E+01
  0.326453  0.223050E+01  0.112648E+01  0.110402E+01
  0.329259  0.226109E+01  0.114238E+01  0.111872E+01
  0.332064  0.229255E+01  0.115874E+01  0.113381E+01
  0.334870  0.232491E+01  0.117559E+01  0.114932E+01
  0.337675  0.235823E+01  0.119296E+01  0.116526E+01
  0.340481  0.239254E+01  0.121088E+01  0.118167E+01
  0.343287  0.242792E+01  0.122936E+01  0.119856E+01
  0.346092  0.246440E+01  0.124844E+01  0.121595E+01
  0.348898  0.250204E+01  0.126816E+01  0.123388E+01
  0.351703  0.254091E+01  0.128855E+01  0.125236E+01
  0.354509  0.258108E+01  0.130964E+01  0.127144E+01
  0.357315  0.262260E+01  0.133147E+01  0.129114E+01
  0.360120  0.266557E+01  0.135409E+01  0.131148E+01
  0.362926  0.271005E+01  0.137753E+01  0.133252E+01
  0.365731  0.275612E+01  0.140185E+01  0.135427E+01
  0.368537  0.280389E+01  0.142710E+01  0.137679E+01
  0.371343  0.285344E+01  0.145332E+01  0.140012E+01
  0.374148  0.290487E+01  0.148058E+01  0.142429E+01
  0.376954  0.295830E+01  0.150894E+01  0.144936E+01
  0.379760  0.301384E+01  0.153846E+01  0.147538E+01
  0.382565  0.307162E+01  0.156922E+01  0.150240E+01
  0.385371  0.313176E+01  0.160128E+01  0.153048E+01
  0.388176  0.319442E+01  0.163474E+01  0.155968E+01
  0.390982  0.325975E+01  0.166968E+01  0.159007E+01
  0.393788  0.332791E+01  0.170619E+01  0.162172E+01
  0.396593  0.339908E+01  0.174438E+01  0.165470E+01
  0.399399  0.347345E+01  0.178435E+01  0.168910E+01
  0.402204  0.355123E+01  0.182623E+01  0.172500E+01
  0.405010  0.363264E+01  0.187014E+01  0.176250E+01
  0.407816  0.371793E+01  0.191622E+01  0.180171E+01
  0.410621  0.380734E+01  0.196462E+01  0.184272E+01
  0.413427  0.390117E+01  0.201551E+01  0.188566E+01
  0.416232  0.399971E+01  0.206905E+01  0.193066E+01
  0.419038  0.410330E+01  0.212545E+01  0.197785E+01
  0.421844  0.421230E+01  0.218491E+01  0.202739E+01
  0.424649  0.432709E+01  0.224766E+01  0.207943E+01
  0.427455  0.444810E+01  0.231395E+01  0.213415E+01
  0.430261  0.457579E+01  0.238405E+01  0.219174E+01
  0.433066  0.471066E+01  0.245826E+01  0.225240E+01
  0.435872  0.485327E+01  0.253690E+01  0.231637E+01
  0.438677  0.500422E+01  0.262034E+01  0.238388E+01
  0.441483  0.516417E+01  0.270896E+01  0.245521E+01
  0.444289  0.533384E+01  0.280320E+01  0.253064E+01
  0.447094  0.551402E+01  0.290352E+01  0.261049E+01
  0.449900  0.570560E+01  0.301047E+01  0.269512E+01
  0.452705  0.590953E+01  0.312462E+01  0.278491E+01
  0.455511  0.612688E+01  0.324662E+01  0.288027E+01
  0.458317  0.635884E+01  0.337717E+01  0.298166E+01
  0.461122  0.660669E+01  0.351708E+01  0.308961E+01
  0.463928  0.687189E+01  0.366722E+01  0.320467E+01
  0.466733  0.715604E+01  0.382859E+01  0.332745E+01
  0.469539  0.746094E+01  0.400228E+01  0.345866E+01
  0.472345  0.778857E+01  0.418953E+01  0.359904E+01
  0.475150  0.814116E+01  0.439172E+01  0.374944E+01
  0.477956  0.852121E+01  0.461040E+01  0.391081E+01
  0.480762  0.893150E+01  0.484732E+01  0.408418E+01
  0.483567  0.937518E+01  0.510446E+01  0.427072E+01
  0.486373  0.985578E+01  0.538404E+01  0.447174E+01
  0.489178  0.103773E+02  0.568857E+01  0.468870E+01
  0.491984  0.109442E+02  0.602093E+01  0.492322E+01
  0.494790  0.115615E+02  0.638436E+01  0.517716E+01
  0.497595  0.122351E+02  0.678255E+01  0.545256E+01
  0.500401  0.129715E+02  0.721971E+01  0.575177E+01
  0.503206  0.137780E+02  0.770063E+01  0.607741E+01
  0.506012  0.146632E+02  0.823079E+01  0.643245E+01
  0.508818  0.156367E+02  0.881644E+01  0.682023E+01
  0.511623  0.167093E+02  0.946471E+01  0.724457E+01
  0.514429  0.178935E+02  0.101837E+02  0.770977E+01
  0.517234  0.192034E+02  0.109827E+02  0.822071E+01
  0.520040  0.206551E+02  0.118721E+02  0.878293E+01
  0.522846  0.222665E+02  0.128639E+02  0.940268E+01
  0.525651  0.240581E+02  0.139711E+02  0.100871E+02
  0.528457  0.260524E+02  0.152083E+02  0.108441E+02
  0.531263  0.282743E+02  0.165916E+02  0.116827E+02
  0.534068  0.307505E+02  0.181377E+02  0.126129E+02
  0.536874  0.335095E+02  0.198637E+02  0.136458E+02
  0.539679  0.365796E+02  0.217860E+02  0.147937E+02
  0.542485  0.399880E+02  0.239185E+02  0.160695E+02
  0.545291  0.437570E+02  0.262699E+02  0.174870E+02
  0.548096  0.479005E+02  0.288404E+02  0.190600E+02
  0.550902  0.524179E+02  0.316163E+02  0.208016E+02
  0.553707  0.572868E+02  0.345640E+02  0.227228E+02
  0.556513  0.624548E+02  0.376241E+02  0.248307E+02
  0.559319  0.678311E+02  0.407055E+02  0.271256E+02
  0.562124  0.732808E+02  0.436831E+02  0.295978E+02
  0.564930  0.786253E+02  0.464025E+02  0.322228E+02
  0.567735  0.836502E+02  0.486929E+02  0.349573E+02
  0.570541  0.881234E+02  0.503891E+02  0.377343E+02
  0.573347  0.918211E+02  0.513600E+02  0.404611E+02
  0.576152  0.945544E+02  0.515338E+02  0.430206E+02
  0.578958  0.961911E+02  0.509128E+02  0.452783E+02
  0.581764  0.966679E+02  0.495716E+02  0.470963E+02
  0.584569  0.959910E+02  0.476395E+02  0.483516E+02
  0.587375  0.942314E+02  0.452745E+02  0.489570E+02
  0.590180  0.915141E+02  0.426373E+02  0.488767E+02
  0.592986  0.880048E+02  0.398719E+02  0.481330E+02
  0.595792  0.838942E+02  0.370942E+02  0.468001E+02
  0.598597  0.793794E+02  0.343898E+02  0.449896E+02
  0.601403  0.746470E+02  0.318162E+02  0.428308E+02
  0.604208  0.698599E+02  0.294074E+02  0.404524E+02
  0.607014  0.651489E+02  0.271798E+02  0.379691E+02
  0.609820  0.606114E+02  0.251373E+02  0.354741E+02
  0.612625  0.563128E+02  0.232755E+02  0.330373E+02
  0.615431  0.522920E+02  0.215851E+02  0.307069E+02
  0.618236  0.485666E+02  0.200540E+02  0.285126E+02
  0.621042  0.451391E+02  0.186689E+02  0.264702E+02
  0.623848  0.420013E+02  0.174163E+02  0.245850E+02
  0.626653  0.391384E+02  0.162832E+02  0.228552E+02
  0.629459  0.365320E+02  0.152574E+02  0.212746E+02
  0.632265  0.341617E+02  0.143277E+02  0.198340E+02
  0.635070  0.320069E+02  0.134838E+02  0.185231E+02
  0.637876  0.300478E+02  0.127167E+02  0.173311E+02
  0.640681  0.282654E+02  0.120182E+02  0.162472E+02
  0.643487  0.266422E+02  0.113809E+02  0.152613E+02
  0.646293  0.251621E+02  0.107985E+02  0.143636E+02
  0.649098  0.238107E+02  0.102653E+02  0.135455E+02
  0.651904  0.225749E+02  0.977607E+01  0.127988E+02
  0.654709  0.214429E+02  0.932647E+01  0.121165E+02
  0.657515  0.204044E+02  0.891251E+01  0.114919E+02
  0.660321  0.194499E+02  0.853068E+01  0.109192E+02
  0.663126  0.185713E+02  0.817787E+01  0.103934E+02
  0.665932  0.177610E+02  0.785131E+01  0.990968E+01
  0.668737  0.170125E+02  0.754855E+01  0.946399E+01
  0.671543  0.163201E+02  0.726740E+01  0.905266E+01
  0.674349  0.156783E+02  0.700590E+01  0.867241E+01
  0.677154  0.150826E+02  0.676232E+01  0.832033E+01
  0.679960  0.145289E+02  0.653509E+01  0.799381E+01
  0.682766  0.140134E+02  0.632281E+01  0.769054E+01
  0.685571  0.135327E+02  0.612423E+01  0.740843E+01
  0.688377  0.130838E+02  0.593822E+01  0.714561E+01
  0.691182  0.126642E+02  0.576376E+01  0.690043E+01
  0.693988  0.122713E+02  0.559992E+01  0.667138E+01
  0.696794  0.119030E+02  0.544588E+01  0.645711E+01
  0.699599  0.115573E+02  0.530088E+01  0.625641E+01
  0.702405  0.112324E+02  0.516425E+01  0.606819E+01
  0.705210  0.109268E+02  0.503535E+01  0.589145E+01
  0.708016  0.106389E+02  0.491363E+01  0.572529E+01
  0.710822  0.103675E+02  0.479857E+01  0.556890E+01
  0.713627  0.101113E+02  0.468970E+01  0.542156E+01
  0.716433  0.986916E+01  0.458659E+01  0.528257E+01
  0.719238  0.964019E+01  0.448884E+01  0.515135E+01
  0.722044  0.942342E+01  0.439611E+01  0.502732E+01
  0.724850  0.921802E+01  0.430804E+01  0.490998E+01
  0.727655  0.902322E+01  0.422435E+01  0.479887E+01
  0.730461  0.883830E+01  0.414475E+01  0.469355E+01
  0.733267  0.866263E+01  0.406898E+01  0.459365E+01
  0.736072  0.849561E+01  0.399681E+01  0.449880E+01
  0.738878  0.833668E+01  0.392801E+01  0.440867E+01
  0.741683  0.818535E+01  0.386239E+01  0.432296E+01
  0.744489  0.804114E+01  0.379974E+01  0.424139E+01
  0.747295  0.790361E+01  0.373991E+01  0.416370E+01
  0.750100  0.777238E+01  0.368272E+01  0.408966E+01
  0.752906  0.764707E+01  0.362803E+01  0.401904E+01
  0.755711  0.752733E+01  0.357570E+01  0.395164E+01
  0.758517  0.741286E+01  0.352559E+01  0.388727E+01
  0.761323  0.730334E+01  0.347759E+01  0.382575E+01
  0.764128  0.719850E+01  0.343158E+01  0.376693E+01
  0.766934  0.709810E+01  0.338745E+01  0.371065E+01
  0.769739  0.700188E+01  0.334511E+01  0.365676E+01
  0.772545  0.690962E+01  0.330447E+01  0.360515E+01
  0.775351  0.682112E+01  0.326543E+01  0.355569E+01
  0.778156  0.673617E+01  0.322792E+01  0.350825E+01
  0.780962  0.665461E+01  0.319186E+01  0.346274E+01
  0.783768  0.657625E+01  0.315719E+01  0.341906E+01
  0.786573  0.650093E+01  0.312382E+01  0.337711E+01
  0.789379  0.642851E+01  0.309171E+01  0.333680E+01
  0.792184  0.635884E+01  0.306079E+01  0.329805E+01
  0.794990  0.629179E+01  0.303100E+01  0.326079E+01
  0.797796  0.622724E+01  0.300230E+01  0.322494E+01
  0.800601  0.616507E+01  0.297463E+01  0.319044E+01
  0.803407  0.610516E+01  0.294794E+01  0.315722E+01
  0.806212  0.604742E+01  0.292220E+01  0.312522E+01
  0.809018  0.599175E+01  0.289736E+01  0.309438E+01
  0.811824  0.593805E+01  0.287339E+01  0.306466E+01
  0.814629  0.588623E+01  0.285024E+01  0.303599E+01
  0.817435  0.583622E+01  0.282788E+01  0.300834E+01
  0.820240  0.578793E+01  0.280627E+01  0.298166E+01
  0.823046  0.574129E+01  0.278539E+01  0.295590E+01
  0.825852  0.569624E+01  0.276521E+01  0.293103E+01
  0.828657  0.565269E+01  0.274569E+01  0.290701E+01
  0.831463  0.561060E+01  0.272681E+01  0.288379E+01
  0.834269  0.556990E+01  0.270854E+01  0.286136E+01
  0.837074  0.553054E+01  0.269087E+01  0.283967E+01
  0.839880  0.549246E+01  0.267376E+01  0.281870E+01
  0.842685  0.545561E+01  0.265720E+01  0.279841E+01
  0.845491  0.541995E+01  0.264116E+01  0.277878E+01
  0.848297  0.538542E+01  0.262563E+01  0.275979E+01
  0.851102  0.535198E+01  0.261058E+01  0.274140E+01
  0.853908  0.531959E+01  0.259599E+01  0.272360E+01
  0.856713  0.528822E+01  0.258186E+01  0.270635E+01
  0.859519  0.525781E+01  0.256816E+01  0.268965E+01
  0.862325  0.522835E+01  0.255488E+01  0.267347E+01
  0.865130  0.519979E+01  0.254200E+01  0.265779E+01
  0.867936  0.517209E+01  0.252951E+01  0.264258E+01
  0.870741  0.514524E+01  0.251739E+01  0.262785E+01
  0.873547  0.511919E+01  0.250564E+01  0.261356E+01
  0.876353  0.509393E+01  0.249423E+01  0.259970E+01
  0.879158  0.506942E+01  0.248316E+01  0.258625E+01
  0.881964  0.504563E+01  0.247242E+01  0.257321E+01
  0.884770  0.502255E+01  0.246199E+01  0.256055E+01
  0.887575  0.500014E+01  0.245187E+01  0.254827E+01
  0.890381  0.497839E+01  0.244204E+01  0.253635E+01
  0.893186  0.495727E+01  0.243249E+01  0.252478E+01
  0.895992  0.493676E+01  0.242322E+01  0.251354E+01
  0.898798  0.491685E+01  0.241422E+01  0.250263E+01
  0.901603  0.489750E+01  0.240547E+01  0.249203E+01
  0.904409  0.487871E+01  0.239698E+01  0.248174E+01
  0.907214  0.486046E+01  0.238873E+01  0.247174E+01
  0.910020  0.484273E+01  0.238071E+01  0.246202E+01
  0.912826  0.482550E+01  0.237291E+01  0.245258E+01
  0.915631  0.480875E+01  0.236534E+01  0.244341E+01
  0.918437  0.479248E+01  0.235798E+01  0.243450E+01
  0.921242  0.477666E+01  0.235083E+01  0.242583E+01
  0.924048  0.476129E+01  0.234388E+01  0.241741E+01
  0.926854  0.474635E+01  0.233712E+01  0.240923E+01
  0.929659  0.473182E+01  0.233055E+01  0.240127E+01
  0.932465  0.471770E+01  0.232417E+01  0.239353E+01
  0.935271  0.470397E+01  0.231796E+01  0.238601E+01
  0.938076  0.469062E+01  0.231193E+01  0.237869E+01
  0.940882  0.467764E+01  0.230607E+01  0.237158E+01
  0.943687  0.466502E+01  0.230036E+01  0.236466E+01
  0.946493  0.465275E+01  0.229482E+01  0.235793E+01
  0.949299  0.464082E+01  0.228943E+01  0.235139E+01
  0.952104  0.462922E+01  0.228420E+01  0.234503E+01
  0.954910  0.461794E+01  0.227910E+01  0.233884E+01
  0.957715  0.460697E+01  0.227415E+01  0.233282E+01
  0.960521  0.459630E+01  0.226934E+01  0.232696E+01
  0.963327  0.458592E+01  0.226466E+01  0.232126E+01
  0.966132  0.457584E+01  0.226011E+01  0.231572E+01
  0.968938  0.456603E+01  0.225569E+01  0.231033E+01
  0.971743  0.455649E+01  0.225139E+01  0.230509E+01
  0.974549  0.454721E+01  0.224722E+01  0.229999E+01
  0.977355  0.453819E+01  0.224316E+01  0.229503E+01
  0.980160  0.452942E+01  0.223921E+01  0.229021E+01
  0.982966  0.452090E+01  0.223538E+01  0.228552E+01
  0.985772  0.451261E+01  0.223166E+01  0.228095E+01
  0.988577  0.450455E+01  0.222804E+01  0.227651E+01
  0.991383  0.449672E+01  0.222452E+01  0.227220E+01
  0.994188  0.448911E+01  0.222111E+01  0.226800E+01
  0.996994  0.448171E+01  0.221779E+01  0.226392E+01
  0.999800  0.447452E+01  0.221457E+01  0.225995E+01
  1.002605  0.446753E+01  0.221144E+01  0.225609E+01
  1.005411  0.446074E+01  0.220840E+01  0.225233E+01
  1.008216  0.445414E+01  0.220546E+01  0.224869E+01
  1.011022  0.444773E+01  0.220259E+01  0.224514E+01
  1.013828  0.444151E+01  0.219982E+01  0.224169E+01
  1.016633  0.443546E+01  0.219712E+01  0.223834E+01
  1.019439  0.442959E+01  0.219451E+01  0.223509E+01
  1.022244  0.442389E+01  0.219197E+01  0.223192E+01
  1.025050  0.441836E+01  0.218951E+01  0.222885E+01
  1.027856  0.441299E+01  0.218713E+01  0.222586E+01
  1.030661  0.440778E+01  0.218482E+01  0.222296E+01
  1.033467  0.440273E+01  0.218258E+01  0.222015E+01
  1.036273  0.439783E+01  0.218041E+01  0.221741E+01
  1.039078  0.439307E+01  0.217831E+01  0.221476E+01
  1.041884  0.438846E+01  0.217628E+01  0.221218E+01
  1.044689  0.438400E+01  0.217431E+01  0.220968E+01
  1.047495  0.437967E+01  0.217241E+01  0.220726E+01
  1.050301  0.437547E+01  0.217057E+01  0.220490E+01
  1.053106  0.437141E+01  0.216879E+01  0.220262E+01
  1.055912  0.436748E+01  0.216707E+01  0.220041E+01
  1.058717  0.436367E+01  0.216541E+01  0.219827E+01
  1.061523  0.435999E+01  0.216380E+01  0.219619E+01
  1.064329  0.435643E+01  0.216225E+01  0.219418E+01
  1.067134  0.435299E+01  0.216076E+01  0.219223E+01
  1.069940  0.434966E+01  0.215932E+01  0.219034E+01
  1.072745  0.434645E+01  0.215793E+01  0.218851E+01
  1.075551  0.434334E+01  0.215660E+01  0.218675E+01
  1.078357  0.434035E+01  0.215531E+01  0.218504E+01
  1.081162  0.433746E+01  0.215407E+01  0.218339E+01
  1.083968  0.433468E+01  0.215288E+01  0.218179E+01
  1.086774  0.433200E+01  0.215174E+01  0.218025E+01
  1.089579  0.432941E+01  0.215065E+01  0.217877E+01
  1.092385  0.432693E+01  0.214960E+01  0.217733E+01
  1.095190  0.432454E+01  0.214859E+01  0.217595E+01
  1.097996  0.432225E+01  0.214763E+01  0.217462E+01
  1.100802  0.432004E+01  0.214671E+01  0.217333E+01
  1.103607  0.431793E+01  0.214583E+01  0.217210E+01
  1.106413  0.431590E+01  0.214500E+01  0.217091E+01
  1.109218  0.431396E+01  0.214420E+01  0.216977E+01
  1.112024  0.431211E+01  0.214344E+01  0.216867E+01
  1.114830  0.431034E+01  0.214272E+01  0.216762E+01
  1.117635  0.430865E+01  0.214204E+01  0.216661E+01
  1.120441  0.430704E+01  0.214140E+01  0.216564E+01
  1.123246  0.430551E+01  0.214079E+01  0.216472E+01
  1.126052  0.430405E+01  0.214022E+01  0.216383E+01
  1.128858  0.430267E+01  0.213968E+01  0.216299E+01
  1.131663  0.430137E+01  0.213918E+01  0.216219E+01
  1.134469  0.430013E+01  0.213871E+01  0.216142E+01
  1.137275  0.429897E+01  0.213828E+01  0.216069E+01
  1.140080  0.429787E+01  0.213787E+01  0.216000E+01
  1.142886  0.429685E+01  0.213750E+01  0.215935E+01
  1.145691  0.429589E+01  0.213716E+01  0.215873E+01
  1.148497  0.429500E+01  0.213685E+01  0.215815E+01
  1.151303  0.429417E+01  0.213657E+01  0.215760E+01
  1.154108  0.429341E+01  0.213632E+01  0.215709E+01
  1.156914  0.429270E+01  0.213610E+01  0.215660E+01
  1.159719  0.429206E+01  0.213591E+01  0.215616E+01
  1.162525  0.429148E+01  0.213574E+01  0.215574E+01
  1.165331  0.429096E+01  0.213560E+01  0.215535E+01
  1.168136  0.429049E+01  0.213549E+01  0.215500E+01
  1.170942  0.429009E+01  0.213541E+01  0.215468E+01
  1.173747  0.428973E+01  0.213535E+01  0.215438E+01
  1.176553  0.428944E+01  0.213532E+01  0.215412E+01
  1.179359  0.428919E+01  0.213531E+01  0.215388E+01
  1.182164  0.428900E+01  0.213533E+01  0.215367E+01
  1.184970  0.428886E+01  0.213537E+01  0.215349E+01
  1.187776  0.428878E+01  0.213544E+01  0.215334E+01
  1.190581  0.428874E+01  0.213553E+01  0.215321E+01
  1.193387  0.428875E+01  0.213564E+01  0.215311E+01
  1.196192  0.428881E+01  0.213577E+01  0.215304E+01
  1.198998  0.428892E+01  0.213593E+01  0.215299E+01
  1.201804  0.428907E+01  0.213611E+01  0.215296E+01
  1.204609  0.428927E+01  0.213631E+01  0.215296E+01
  1.207415  0.428952E+01  0.213653E+01  0.215299E+01
  1.210220  0.428981E+01  0.213677E+01  0.215303E+01
  1.213026  0.429014E+01  0.213704E+01  0.215310E+01
  1.215832  0.429052E+01  0.213732E+01  0.215320E+01
  1.218637  0.429094E+01  0.213762E+01  0.215331E+01
  1.221443  0.429140E+01  0.213794E+01  0.215345E+01
  1.224248  0.429190E+01  0.213828E+01  0.215361E+01
  1.227054  0.429244E+01  0.213864E+01  0.215379E+01
  1.229860  0.429302E+01  0.213902E+01  0.215400E+01
  1.232665  0.429364E+01  0.213942E+01  0.215422E+01
  1.235471  0.429430E+01  0.213983E+01  0.215446E+01
  1.238277  0.429499E+01  0.214027E+01  0.215473E+01
  1.241082  0.429572E+01  0.214071E+01  0.215501E+01
  1.243888  0.429649E+01  0.214118E+01  0.215531E+01
  1.246693  0.429730E+01  0.214166E+01  0.215563E+01
  1.249499  0.429814E+01  0.214216E+01  0.215597E+01
  1.252305  0.429901E+01  0.214268E+01  0.215633E+01
  1.255110  0.429992E+01  0.214321E+01  0.215671E+01
  1.257916  0.430087E+01  0.214376E+01  0.215711E+01
  1.260721  0.430184E+01  0.214432E+01  0.215752E+01
  1.263527  0.430285E+01  0.214490E+01  0.215795E+01
  1.266333  0.430389E+01  0.214550E+01  0.215839E+01
  1.269138  0.430496E+01  0.214610E+01  0.215886E+01
  1.271944  0.430607E+01  0.214673E+01  0.215934E+01
  1.274749  0.430720E+01  0.214737E+01  0.215983E+01
  1.277555  0.430836E+01  0.214802E+01  0.216035E+01
  1.280361  0.430956E+01  0.214868E+01  0.216088E+01
  1.283166  0.431078E+01  0.214936E+01  0.216142E+01
  1.285972  0.431203E+01  0.215006E+01  0.216198E+01
  1.288778  0.431331E+01  0.215076E+01  0.216255E+01
  1.291583  0.431462E+01  0.215148E+01  0.216314E+01
  1.294389  0.431596E+01  0.215221E+01  0.216375E+01
  1.297194  0.431732E+01  0.215296E+01  0.216436E+01
  1.300000  0.431871E+01  0.215372E+01  0.216500E+01
