***************************************************************************************
*  Note:                                                                              *
*     In the MuST version 1.8.2 and prior, the total energy value includes the zero-  *
*     point lattice energy. Starting from version v1.8.3, the zero point lattice      *
*     energy is removed from the total energy value and is explicitly printed out in  *
*     one of the following lines. If needed, one will have to add the zero-point      *
*     lattice energy to the total energy by hand.                                     *
***************************************************************************************
Source Code Version                  : v1.9.4.17                                         
System Description                   : Fe60Ni20Cr20 Final Simple                         
Number of Atoms in Unit Cell         : 1                                                 
Number of Atomic Species             : 1                                                 
Number of Atoms in Each Type         : 1(CPA)                                            
Unit Cell Volume (au^3)              : 0.67508332D+02                                    
Average Atomic Volume (au^3)         : 67.50833                                          
Zero Point Lattice Energy/Atom (Ryd) : 0.00447                                           
Zero Point Lattice PV3/Atom (Ryd)    : 0.02156                                           
Energy Offset                        : -2532                                             
=======================================================================================
    Iter    Energy      3PV     Efermi   Rms_rho    Rms_pot   Mix Alg   Alpha    Mom  
---------------------------------------------------------------------------------------
**     1  -0.106716  -5.49912  0.75863  0.947E-02  0.108E+00  pot  S   0.01000  1.0938
       2  -0.432561  -3.82713  0.76872  0.541E-03  0.746E-01  pot  S   0.01000  1.0962
       3  -0.631401  -2.83307  0.77561  0.321E-03  0.544E-01  pot  S   0.01000  1.0938
       4  -0.988571  -1.17787  0.78526  0.544E-03  0.205E-01  pot  S   0.01000  1.0899
       5  -0.990521  -1.16476  0.78679  0.102E-03  0.198E-01  pot  S   0.01000  1.0870
       6  -0.991581  -1.14995  0.78792  0.665E-04  0.194E-01  pot  S   0.01000  1.0848
       7  -0.992242  -1.13625  0.78902  0.514E-04  0.191E-01  pot  S   0.01000  1.0826
       8  -0.992667  -1.12352  0.79009  0.401E-04  0.189E-01  pot  S   0.01000  1.0804
       9  -0.992952  -1.11164  0.79114  0.317E-04  0.187E-01  pot  S   0.01000  1.0782
      10  -0.993153  -1.10048  0.79216  0.253E-04  0.185E-01  pot  S   0.01000  1.0761
      11  -0.993302  -1.08992  0.79317  0.205E-04  0.183E-01  pot  S   0.01000  1.0739
      12  -0.993419  -1.07985  0.79416  0.169E-04  0.181E-01  pot  S   0.01000  1.0718
      13  -0.993515  -1.07019  0.79513  0.142E-04  0.179E-01  pot  S   0.01000  1.0697
      14  -0.993599  -1.06085  0.79608  0.123E-04  0.177E-01  pot  S   0.01000  1.0677
      15  -0.993673  -1.05176  0.79701  0.109E-04  0.175E-01  pot  S   0.01000  1.0656
      16  -0.993741  -1.04286  0.79793  0.107E-04  0.173E-01  pot  S   0.01000  1.0636
      17  -0.993805  -1.03411  0.79884  0.106E-04  0.171E-01  pot  S   0.01000  1.0615
      18  -0.993866  -1.02546  0.79973  0.104E-04  0.169E-01  pot  S   0.01000  1.0595
      19  -0.993923  -1.01688  0.80061  0.103E-04  0.168E-01  pot  S   0.01000  1.0575
      20  -0.993979  -1.00833  0.80147  0.102E-04  0.166E-01  pot  S   0.01000  1.0556
      21  -0.994032  -0.99981  0.80232  0.101E-04  0.164E-01  pot  S   0.01000  1.0536
      22  -0.994083  -0.99129  0.80316  0.100E-04  0.162E-01  pot  S   0.01000  1.0516
      23  -0.994133  -0.98276  0.80398  0.995E-05  0.161E-01  pot  S   0.01000  1.0497
      24  -0.994182  -0.97421  0.80480  0.988E-05  0.159E-01  pot  S   0.01000  1.0478
      25  -0.994229  -0.96563  0.80560  0.982E-05  0.157E-01  pot  S   0.01000  1.0458
      26  -0.994274  -0.95702  0.80639  0.976E-05  0.156E-01  pot  S   0.01000  1.0439
      27  -0.994319  -0.94838  0.80716  0.970E-05  0.154E-01  pot  S   0.01000  1.0420
      28  -0.994362  -0.93970  0.80793  0.965E-05  0.152E-01  pot  S   0.01000  1.0401
      29  -0.994404  -0.93098  0.80869  0.960E-05  0.151E-01  pot  S   0.01000  1.0382
      30  -0.994445  -0.92223  0.80943  0.955E-05  0.149E-01  pot  S   0.01000  1.0363
      31  -0.994485  -0.91345  0.81017  0.950E-05  0.148E-01  pot  S   0.01000  1.0344
      32  -0.994524  -0.90463  0.81089  0.946E-05  0.146E-01  pot  S   0.01000  1.0325
      33  -0.994561  -0.89578  0.81161  0.942E-05  0.145E-01  pot  S   0.01000  1.0306
      34  -0.994598  -0.88690  0.81231  0.937E-05  0.143E-01  pot  S   0.01000  1.0288
      35  -0.994634  -0.87800  0.81301  0.933E-05  0.142E-01  pot  S   0.01000  1.0269
      36  -0.994669  -0.86907  0.81370  0.929E-05  0.140E-01  pot  S   0.01000  1.0251
      37  -0.994703  -0.86012  0.81437  0.925E-05  0.139E-01  pot  S   0.01000  1.0232
      38  -0.994737  -0.85115  0.81504  0.921E-05  0.137E-01  pot  S   0.01000  1.0214
      39  -0.994769  -0.84216  0.81570  0.917E-05  0.136E-01  pot  S   0.01000  1.0196
      40  -0.994801  -0.83317  0.81635  0.913E-05  0.134E-01  pot  S   0.01000  1.0177
      41  -0.994832  -0.82416  0.81699  0.909E-05  0.133E-01  pot  S   0.01000  1.0159
      42  -0.994862  -0.81514  0.81762  0.906E-05  0.132E-01  pot  S   0.01000  1.0141
      43  -0.994892  -0.80613  0.81825  0.902E-05  0.130E-01  pot  S   0.01000  1.0123
      44  -0.994920  -0.79711  0.81886  0.898E-05  0.129E-01  pot  S   0.01000  1.0105
      45  -0.994948  -0.78809  0.81947  0.895E-05  0.128E-01  pot  S   0.01000  1.0088
      46  -0.994976  -0.77908  0.82007  0.891E-05  0.126E-01  pot  S   0.01000  1.0070
      47  -0.995003  -0.77008  0.82067  0.888E-05  0.125E-01  pot  S   0.01000  1.0052
      48  -0.995029  -0.76109  0.82125  0.884E-05  0.124E-01  pot  S   0.01000  1.0035
      49  -0.995055  -0.75211  0.82183  0.881E-05  0.122E-01  pot  S   0.01000  1.0017
      50  -0.995080  -0.74315  0.82240  0.877E-05  0.121E-01  pot  S   0.01000  1.0000
      51  -0.995105  -0.73422  0.82297  0.874E-05  0.120E-01  pot  S   0.01000  0.9982
      52  -0.995129  -0.72530  0.82352  0.870E-05  0.119E-01  pot  S   0.01000  0.9965
      53  -0.995152  -0.71641  0.82407  0.867E-05  0.118E-01  pot  S   0.01000  0.9948
      54  -0.995175  -0.70756  0.82462  0.864E-05  0.116E-01  pot  S   0.01000  0.9931
      55  -0.995198  -0.69873  0.82515  0.861E-05  0.115E-01  pot  S   0.01000  0.9914
      56  -0.995220  -0.68994  0.82568  0.858E-05  0.114E-01  pot  S   0.01000  0.9897
      57  -0.995241  -0.68118  0.82621  0.854E-05  0.113E-01  pot  S   0.01000  0.9880
      58  -0.995263  -0.67247  0.82672  0.851E-05  0.112E-01  pot  S   0.01000  0.9863
      59  -0.995283  -0.66379  0.82723  0.848E-05  0.111E-01  pot  S   0.01000  0.9846
      60  -0.995304  -0.65516  0.82774  0.845E-05  0.109E-01  pot  S   0.01000  0.9830
      61  -0.995324  -0.64658  0.82824  0.842E-05  0.108E-01  pot  S   0.01000  0.9813
      62  -0.995343  -0.63805  0.82873  0.839E-05  0.107E-01  pot  S   0.01000  0.9796
      63  -0.995362  -0.62956  0.82922  0.837E-05  0.106E-01  pot  S   0.01000  0.9780
      64  -0.995381  -0.62113  0.82970  0.834E-05  0.105E-01  pot  S   0.01000  0.9764
      65  -0.995400  -0.61276  0.83018  0.831E-05  0.104E-01  pot  S   0.01000  0.9747
      66  -0.995418  -0.60444  0.83065  0.828E-05  0.103E-01  pot  S   0.01000  0.9731
      67  -0.995436  -0.59617  0.83111  0.825E-05  0.102E-01  pot  S   0.01000  0.9715
      68  -0.995453  -0.58797  0.83157  0.823E-05  0.101E-01  pot  S   0.01000  0.9699
      69  -0.995470  -0.57983  0.83203  0.820E-05  0.999E-02  pot  S   0.01000  0.9683
      70  -0.995487  -0.57175  0.83247  0.818E-05  0.989E-02  pot  S   0.01000  0.9667
      71  -0.995504  -0.56373  0.83292  0.815E-05  0.979E-02  pot  S   0.01000  0.9651
      72  -0.995520  -0.55577  0.83336  0.812E-05  0.969E-02  pot  S   0.01000  0.9635
      73  -0.995536  -0.54788  0.83379  0.810E-05  0.959E-02  pot  S   0.01000  0.9619
      74  -0.995552  -0.54006  0.83422  0.807E-05  0.950E-02  pot  S   0.01000  0.9603
      75  -0.995567  -0.53230  0.83464  0.805E-05  0.940E-02  pot  S   0.01000  0.9587
      76  -0.995583  -0.52461  0.83506  0.802E-05  0.931E-02  pot  S   0.01000  0.9572
      77  -0.995598  -0.51699  0.83548  0.800E-05  0.921E-02  pot  S   0.01000  0.9556
      78  -0.995612  -0.50944  0.83588  0.798E-05  0.912E-02  pot  S   0.01000  0.9541
      79  -0.995627  -0.50196  0.83629  0.795E-05  0.903E-02  pot  S   0.01000  0.9525
      80  -0.995641  -0.49454  0.83669  0.793E-05  0.894E-02  pot  S   0.01000  0.9510
      81  -0.995655  -0.48720  0.83709  0.791E-05  0.885E-02  pot  S   0.01000  0.9494
      82  -0.995669  -0.47992  0.83748  0.788E-05  0.876E-02  pot  S   0.01000  0.9479
      83  -0.995683  -0.47272  0.83786  0.786E-05  0.867E-02  pot  S   0.01000  0.9464
      84  -0.995697  -0.46559  0.83825  0.784E-05  0.859E-02  pot  S   0.01000  0.9448
      85  -0.995710  -0.45853  0.83862  0.782E-05  0.850E-02  pot  S   0.01000  0.9433
      86  -0.995723  -0.45154  0.83900  0.779E-05  0.842E-02  pot  S   0.01000  0.9418
      87  -0.995736  -0.44462  0.83937  0.777E-05  0.833E-02  pot  S   0.01000  0.9403
      88  -0.995749  -0.43777  0.83973  0.775E-05  0.825E-02  pot  S   0.01000  0.9388
      89  -0.995761  -0.43099  0.84010  0.773E-05  0.817E-02  pot  S   0.01000  0.9373
      90  -0.995774  -0.42428  0.84045  0.771E-05  0.809E-02  pot  S   0.01000  0.9358
      91  -0.995786  -0.41765  0.84081  0.769E-05  0.801E-02  pot  S   0.01000  0.9343
      92  -0.995798  -0.41108  0.84116  0.767E-05  0.793E-02  pot  S   0.01000  0.9328
      93  -0.995810  -0.40459  0.84150  0.764E-05  0.785E-02  pot  S   0.01000  0.9314
      94  -0.995822  -0.39816  0.84184  0.762E-05  0.777E-02  pot  S   0.01000  0.9299
      95  -0.995833  -0.39181  0.84218  0.760E-05  0.769E-02  pot  S   0.01000  0.9284
      96  -0.995845  -0.38552  0.84252  0.758E-05  0.761E-02  pot  S   0.01000  0.9269
      97  -0.995856  -0.37930  0.84285  0.756E-05  0.754E-02  pot  S   0.01000  0.9255
      98  -0.995867  -0.37316  0.84317  0.754E-05  0.746E-02  pot  S   0.01000  0.9240
      99  -0.995878  -0.36708  0.84350  0.752E-05  0.739E-02  pot  S   0.01000  0.9226
     100  -0.995889  -0.36107  0.84382  0.750E-05  0.732E-02  pot  S   0.01000  0.9211
     101  -0.995900  -0.35513  0.84413  0.748E-05  0.724E-02  pot  S   0.01000  0.9197
     102  -0.995911  -0.34925  0.84445  0.746E-05  0.717E-02  pot  S   0.01000  0.9182
     103  -0.995921  -0.34344  0.84476  0.744E-05  0.710E-02  pot  S   0.01000  0.9168
     104  -0.995932  -0.33770  0.84506  0.742E-05  0.703E-02  pot  S   0.01000  0.9154
     105  -0.995942  -0.33203  0.84537  0.740E-05  0.696E-02  pot  S   0.01000  0.9139
     106  -0.995953  -0.32642  0.84566  0.739E-05  0.689E-02  pot  S   0.01000  0.9125
     107  -0.995963  -0.32087  0.84596  0.737E-05  0.682E-02  pot  S   0.01000  0.9111
     108  -0.995973  -0.31539  0.84625  0.735E-05  0.676E-02  pot  S   0.01000  0.9097
     109  -0.995983  -0.30998  0.84654  0.733E-05  0.669E-02  pot  S   0.01000  0.9083
     110  -0.995992  -0.30462  0.84683  0.731E-05  0.662E-02  pot  S   0.01000  0.9069
     111  -0.996002  -0.29934  0.84711  0.729E-05  0.656E-02  pot  S   0.01000  0.9055
     112  -0.996012  -0.29411  0.84739  0.727E-05  0.649E-02  pot  S   0.01000  0.9041
     113  -0.996021  -0.28895  0.84767  0.725E-05  0.643E-02  pot  S   0.01000  0.9027
     114  -0.996031  -0.28384  0.84794  0.724E-05  0.636E-02  pot  S   0.01000  0.9013
     115  -0.996040  -0.27880  0.84822  0.722E-05  0.630E-02  pot  S   0.01000  0.8999
     116  -0.996050  -0.27382  0.84848  0.720E-05  0.624E-02  pot  S   0.01000  0.8985
     117  -0.996059  -0.26890  0.84875  0.718E-05  0.618E-02  pot  S   0.01000  0.8971
     118  -0.996068  -0.26404  0.84901  0.716E-05  0.612E-02  pot  S   0.01000  0.8958
     119  -0.996077  -0.25924  0.84927  0.715E-05  0.606E-02  pot  S   0.01000  0.8944
     120  -0.996086  -0.25449  0.84953  0.713E-05  0.600E-02  pot  S   0.01000  0.8930
     121  -0.996095  -0.24981  0.84978  0.711E-05  0.594E-02  pot  S   0.01000  0.8917
     122  -0.996104  -0.24518  0.85003  0.709E-05  0.588E-02  pot  S   0.01000  0.8903
     123  -0.996112  -0.24061  0.85028  0.707E-05  0.582E-02  pot  S   0.01000  0.8889
     124  -0.996122  -0.23609  0.85053  0.706E-05  0.576E-02  pot  S   0.01000  0.8876
     125  -0.996130  -0.23163  0.85077  0.704E-05  0.571E-02  pot  S   0.01000  0.8862
     126  -0.996139  -0.22722  0.85101  0.702E-05  0.565E-02  pot  S   0.01000  0.8849
     127  -0.996147  -0.22287  0.85125  0.700E-05  0.559E-02  pot  S   0.01000  0.8836
     128  -0.996155  -0.21857  0.85148  0.699E-05  0.554E-02  pot  S   0.01000  0.8822
     129  -0.996164  -0.21433  0.85172  0.697E-05  0.548E-02  pot  S   0.01000  0.8809
     130  -0.996172  -0.21013  0.85195  0.695E-05  0.543E-02  pot  S   0.01000  0.8795
     131  -0.996180  -0.20599  0.85217  0.694E-05  0.538E-02  pot  S   0.01000  0.8782
     132  -0.996188  -0.20191  0.85240  0.692E-05  0.532E-02  pot  S   0.01000  0.8769
     133  -0.996197  -0.19787  0.85262  0.690E-05  0.527E-02  pot  S   0.01000  0.8756
     134  -0.996205  -0.19388  0.85284  0.689E-05  0.522E-02  pot  S   0.01000  0.8743
     135  -0.996213  -0.18994  0.85306  0.687E-05  0.517E-02  pot  S   0.01000  0.8730
     136  -0.996221  -0.18606  0.85327  0.685E-05  0.512E-02  pot  S   0.01000  0.8716
     137  -0.996229  -0.18222  0.85349  0.684E-05  0.507E-02  pot  S   0.01000  0.8703
     138  -0.996236  -0.17843  0.85370  0.682E-05  0.502E-02  pot  S   0.01000  0.8690
     139  -0.996244  -0.17468  0.85391  0.680E-05  0.497E-02  pot  S   0.01000  0.8677
     140  -0.996252  -0.17099  0.85411  0.679E-05  0.492E-02  pot  S   0.01000  0.8664
     141  -0.996260  -0.16734  0.85432  0.677E-05  0.487E-02  pot  S   0.01000  0.8652
     142  -0.996267  -0.16374  0.85452  0.675E-05  0.482E-02  pot  S   0.01000  0.8639
     143  -0.996275  -0.16018  0.85472  0.674E-05  0.478E-02  pot  S   0.01000  0.8626
     144  -0.996282  -0.15667  0.85492  0.672E-05  0.473E-02  pot  S   0.01000  0.8613
     145  -0.996290  -0.15320  0.85511  0.670E-05  0.468E-02  pot  S   0.01000  0.8600
     146  -0.996297  -0.14978  0.85530  0.669E-05  0.464E-02  pot  S   0.01000  0.8587
     147  -0.996305  -0.14640  0.85550  0.667E-05  0.459E-02  pot  S   0.01000  0.8575
     148  -0.996312  -0.14306  0.85568  0.666E-05  0.455E-02  pot  S   0.01000  0.8562
     149  -0.996320  -0.13977  0.85587  0.664E-05  0.450E-02  pot  S   0.01000  0.8549
     150  -0.996327  -0.13652  0.85606  0.662E-05  0.446E-02  pot  S   0.01000  0.8537
     151  -0.996334  -0.13331  0.85624  0.661E-05  0.442E-02  pot  S   0.01000  0.8524
     152  -0.996341  -0.13014  0.85642  0.659E-05  0.437E-02  pot  S   0.01000  0.8512
     153  -0.996349  -0.12701  0.85660  0.658E-05  0.433E-02  pot  S   0.01000  0.8499
     154  -0.996356  -0.12392  0.85677  0.656E-05  0.429E-02  pot  S   0.01000  0.8487
     155  -0.996363  -0.12087  0.85695  0.654E-05  0.425E-02  pot  S   0.01000  0.8474
     156  -0.996370  -0.11786  0.85712  0.653E-05  0.420E-02  pot  S   0.01000  0.8462
     157  -0.996377  -0.11489  0.85729  0.651E-05  0.416E-02  pot  S   0.01000  0.8450
     158  -0.996384  -0.11196  0.85746  0.650E-05  0.412E-02  pot  S   0.01000  0.8437
     159  -0.996391  -0.10906  0.85763  0.648E-05  0.408E-02  pot  S   0.01000  0.8425
     160  -0.996398  -0.10621  0.85780  0.647E-05  0.404E-02  pot  S   0.01000  0.8413
     161  -0.996405  -0.10339  0.85796  0.645E-05  0.400E-02  pot  S   0.01000  0.8400
     162  -0.996412  -0.10060  0.85812  0.644E-05  0.396E-02  pot  S   0.01000  0.8388
     163  -0.996419  -0.09786  0.85828  0.642E-05  0.392E-02  pot  S   0.01000  0.8376
     164  -0.996425  -0.09515  0.85844  0.641E-05  0.389E-02  pot  S   0.01000  0.8364
     165  -0.996432  -0.09247  0.85860  0.639E-05  0.385E-02  pot  S   0.01000  0.8352
     166  -0.996439  -0.08983  0.85875  0.638E-05  0.381E-02  pot  S   0.01000  0.8340
     167  -0.996446  -0.08722  0.85891  0.636E-05  0.377E-02  pot  S   0.01000  0.8328
     168  -0.996452  -0.08465  0.85906  0.635E-05  0.374E-02  pot  S   0.01000  0.8316
     169  -0.996459  -0.08211  0.85921  0.633E-05  0.370E-02  pot  S   0.01000  0.8304
     170  -0.996466  -0.07960  0.85936  0.632E-05  0.367E-02  pot  S   0.01000  0.8292
     171  -0.996472  -0.07713  0.85950  0.630E-05  0.363E-02  pot  S   0.01000  0.8280
     172  -0.996479  -0.07468  0.85965  0.629E-05  0.359E-02  pot  S   0.01000  0.8268
     173  -0.996486  -0.07227  0.85979  0.627E-05  0.356E-02  pot  S   0.01000  0.8256
     174  -0.996492  -0.06990  0.85993  0.626E-05  0.352E-02  pot  S   0.01000  0.8244
     175  -0.996499  -0.06755  0.86007  0.624E-05  0.349E-02  pot  S   0.01000  0.8232
     176  -0.996505  -0.06523  0.86021  0.623E-05  0.346E-02  pot  S   0.01000  0.8221
     177  -0.996512  -0.06295  0.86035  0.621E-05  0.342E-02  pot  S   0.01000  0.8209
     178  -0.996518  -0.06069  0.86049  0.620E-05  0.339E-02  pot  S   0.01000  0.8197
     179  -0.996524  -0.05846  0.86062  0.618E-05  0.336E-02  pot  S   0.01000  0.8185
     180  -0.996531  -0.05627  0.86075  0.617E-05  0.332E-02  pot  S   0.01000  0.8174
