-----------------------------------------------------------------------------------------------------------------------------------------------------------------------
| File Name (.in)           | Press      | Fmax       | Volume     | Vol/atom     | Lat Param    | Total PE (eV)        | Coh Energy (eV/at)   |
-----------------------------------------------------------------------------------------------------------------------------------------------------------------------
| C1_mpack_10_min.in        | -0.0066    | 0.0001     | 5434.12    | 10.8682      | 3.5161       | -2128.2804           | -4.2566              |
| C1_mpack_11_min.in        | 0.0024     | 0.0001     | 5433.54    | 10.8671      | 3.5148       | -2127.5580           | -4.2551              |
| C1_mpack_12_min.in        | -0.0052    | 0.0001     | 5435.17    | 10.8703      | 3.5200       | -2127.7171           | -4.2554              |
| C1_mpack_1_min.in         | -0.0076    | 0.0001     | 5434.39    | 10.8688      | 3.5174       | -2127.5643           | -4.2551              |
| C1_mpack_2_min.in         | -0.0126    | 0.0001     | 5436.85    | 10.8737      | 3.5159       | -2128.1402           | -4.2563              |
| C1_mpack_3_min.in         | 0.0057     | 0.0001     | 5436.61    | 10.8732      | 3.5167       | -2127.7511           | -4.2555              |
| C1_mpack_4_min.in         | -0.0082    | 0.0001     | 5434.99    | 10.8700      | 3.5185       | -2127.7968           | -4.2556              |
| C1_mpack_5_min.in         | -0.0114    | 0.0001     | 5434.41    | 10.8688      | 3.5161       | -2127.4615           | -4.2549              |
| C1_mpack_6_min.in         | -0.0102    | 0.0001     | 5433.69    | 10.8674      | 3.5132       | -2128.0710           | -4.2561              |
| C1_mpack_7_min.in         | -0.1343    | 0.0001     | 5435.52    | 10.8710      | 3.5161       | -2127.6359           | -4.2553              |
| C1_mpack_8_min.in         | -0.0055    | 0.0001     | 5436.61    | 10.8732      | 3.5162       | -2128.4982           | -4.2570              |
| C1_mpack_9_min.in         | -0.0076    | 0.0001     | 5434.20    | 10.8684      | 3.5161       | -2128.3203           | -4.2566              |
-----------------------------------------------------------------------------------------------------------------------------------------------------------------------
| AVERAGE                   | -0.0167    | 0.0001     | 5435.0083  | 10.8700    | 3.5164     | -2127.8996 | -4.2558    |
| STDEV                     | 0.0358     | 0.0000     | 1.1158     | 0.0022     | 0.0016     | 0.3322     | 0.0007     |
-----------------------------------------------------------------------------------------------------------------------------------------------------------------------
