***************************************************************************************
*  Note:                                                                              *
*     In the MuST version 1.8.2 and prior, the total energy value includes the zero-  *
*     point lattice energy. Starting from version v1.8.3, the zero point lattice      *
*     energy is removed from the total energy value and is explicitly printed out in  *
*     one of the following lines. If needed, one will have to add the zero-point      *
*     lattice energy to the total energy by hand.                                     *
***************************************************************************************
Source Code Version                  : v1.9.4.17                                         
System Description                   : Fe20Ni50Cr30 a=6.5500 Step1                       
Number of Atoms in Unit Cell         : 1                                                 
Number of Atomic Species             : 1                                                 
Number of Atoms in Each Type         : 1(CPA)                                            
Unit Cell Volume (au^3)              : 0.70252844D+02                                    
Average Atomic Volume (au^3)         : 70.25284                                          
Zero Point Lattice Energy/Atom (Ryd) : 0.00416                                           
Zero Point Lattice PV3/Atom (Ryd)    : 0.02014                                           
Energy Offset                        : -2634                                             
=======================================================================================
    Iter    Energy      3PV     Efermi   Rms_rho    Rms_pot   Mix Alg   Alpha    Mom  
---------------------------------------------------------------------------------------
**     1  -0.939918 -10.01688  0.75334  0.209E-01  0.957E-01  pot  S   0.01000  0.5833
       2  -1.316248  -7.95920  0.76336  0.628E-03  0.591E-01  pot  S   0.01000  0.5602
       3  -1.535928  -6.70005  0.76925  0.378E-03  0.379E-01  pot  S   0.01000  0.5486
       4  -1.823136  -5.21442  0.77600  0.452E-03  0.121E-01  pot  S   0.01000  0.5346
       5  -1.824167  -5.07247  0.77609  0.550E-04  0.118E-01  pot  S   0.01000  0.5322
       6  -1.824951  -4.93907  0.77614  0.513E-04  0.116E-01  pot  S   0.01000  0.5304
       7  -1.825505  -4.81705  0.77620  0.406E-04  0.115E-01  pot  S   0.01000  0.5287
       8  -1.825919  -4.70430  0.77628  0.328E-04  0.114E-01  pot  S   0.01000  0.5273
       9  -1.826247  -4.59919  0.77638  0.272E-04  0.113E-01  pot  S   0.01000  0.5260
      10  -1.826519  -4.50044  0.77649  0.232E-04  0.112E-01  pot  S   0.01000  0.5247
      11  -1.826755  -4.40707  0.77660  0.204E-04  0.111E-01  pot  S   0.01000  0.5236
      12  -1.826966  -4.31828  0.77673  0.185E-04  0.111E-01  pot  S   0.01000  0.5225
      13  -1.827158  -4.23345  0.77687  0.171E-04  0.110E-01  pot  S   0.01000  0.5215
      14  -1.827335  -4.15208  0.77702  0.164E-04  0.109E-01  pot  S   0.01000  0.5205
      15  -1.827501  -4.07377  0.77718  0.158E-04  0.108E-01  pot  S   0.01000  0.5195
      16  -1.827658  -3.99821  0.77735  0.154E-04  0.107E-01  pot  S   0.01000  0.5186
      17  -1.827805  -3.92513  0.77753  0.150E-04  0.107E-01  pot  S   0.01000  0.5177
      18  -1.827945  -3.85432  0.77772  0.147E-04  0.106E-01  pot  S   0.01000  0.5168
      19  -1.828079  -3.78560  0.77791  0.144E-04  0.105E-01  pot  S   0.01000  0.5159
      20  -1.828205  -3.71883  0.77811  0.141E-04  0.104E-01  pot  S   0.01000  0.5150
      21  -1.828326  -3.65387  0.77832  0.138E-04  0.103E-01  pot  S   0.01000  0.5141
      22  -1.828442  -3.59063  0.77854  0.135E-04  0.102E-01  pot  S   0.01000  0.5132
      23  -1.828552  -3.52900  0.77876  0.132E-04  0.101E-01  pot  S   0.01000  0.5124
      24  -1.828657  -3.46892  0.77898  0.129E-04  0.101E-01  pot  S   0.01000  0.5115
      25  -1.828758  -3.41031  0.77922  0.126E-04  0.998E-02  pot  S   0.01000  0.5106
      26  -1.828855  -3.35311  0.77945  0.124E-04  0.989E-02  pot  S   0.01000  0.5098
      27  -1.828948  -3.29725  0.77969  0.121E-04  0.981E-02  pot  S   0.01000  0.5089
      28  -1.829036  -3.24269  0.77994  0.119E-04  0.972E-02  pot  S   0.01000  0.5081
      29  -1.829121  -3.18939  0.78019  0.116E-04  0.964E-02  pot  S   0.01000  0.5072
      30  -1.829203  -3.13729  0.78044  0.114E-04  0.955E-02  pot  S   0.01000  0.5064
      31  -1.829282  -3.08636  0.78070  0.111E-04  0.947E-02  pot  S   0.01000  0.5055
      32  -1.829357  -3.03655  0.78096  0.109E-04  0.939E-02  pot  S   0.01000  0.5047
      33  -1.829429  -2.98783  0.78122  0.107E-04  0.930E-02  pot  S   0.01000  0.5038
      34  -1.829499  -2.94018  0.78149  0.105E-04  0.922E-02  pot  S   0.01000  0.5030
      35  -1.829566  -2.89354  0.78175  0.103E-04  0.914E-02  pot  S   0.01000  0.5022
      36  -1.829631  -2.84790  0.78202  0.101E-04  0.905E-02  pot  S   0.01000  0.5013
      37  -1.829693  -2.80322  0.78229  0.989E-05  0.897E-02  pot  S   0.01000  0.5005
      38  -1.829753  -2.75948  0.78257  0.971E-05  0.889E-02  pot  S   0.01000  0.4996
      39  -1.829811  -2.71664  0.78284  0.952E-05  0.881E-02  pot  S   0.01000  0.4988
      40  -1.829867  -2.67469  0.78312  0.935E-05  0.873E-02  pot  S   0.01000  0.4980
      41  -1.829920  -2.63359  0.78339  0.917E-05  0.865E-02  pot  S   0.01000  0.4971
      42  -1.829972  -2.59332  0.78367  0.900E-05  0.857E-02  pot  S   0.01000  0.4963
      43  -1.830022  -2.55386  0.78395  0.884E-05  0.849E-02  pot  S   0.01000  0.4955
      44  -1.830071  -2.51519  0.78423  0.868E-05  0.841E-02  pot  S   0.01000  0.4947
      45  -1.830118  -2.47729  0.78451  0.853E-05  0.833E-02  pot  S   0.01000  0.4938
      46  -1.830163  -2.44012  0.78479  0.838E-05  0.825E-02  pot  S   0.01000  0.4930
      47  -1.830207  -2.40369  0.78507  0.823E-05  0.818E-02  pot  S   0.01000  0.4922
      48  -1.830249  -2.36795  0.78535  0.809E-05  0.810E-02  pot  S   0.01000  0.4914
      49  -1.830290  -2.33290  0.78563  0.795E-05  0.802E-02  pot  S   0.01000  0.4906
      50  -1.830329  -2.29852  0.78591  0.781E-05  0.795E-02  pot  S   0.01000  0.4898
      51  -1.830368  -2.26479  0.78619  0.768E-05  0.787E-02  pot  S   0.01000  0.4890
      52  -1.830405  -2.23169  0.78646  0.755E-05  0.780E-02  pot  S   0.01000  0.4882
      53  -1.830441  -2.19921  0.78674  0.743E-05  0.772E-02  pot  S   0.01000  0.4873
      54  -1.830476  -2.16732  0.78702  0.730E-05  0.765E-02  pot  S   0.01000  0.4865
      55  -1.830509  -2.13602  0.78730  0.718E-05  0.758E-02  pot  S   0.01000  0.4857
      56  -1.830542  -2.10530  0.78757  0.707E-05  0.750E-02  pot  S   0.01000  0.4849
      57  -1.830574  -2.07513  0.78785  0.695E-05  0.743E-02  pot  S   0.01000  0.4841
      58  -1.830604  -2.04550  0.78812  0.684E-05  0.736E-02  pot  S   0.01000  0.4834
      59  -1.830634  -2.01640  0.78840  0.673E-05  0.729E-02  pot  S   0.01000  0.4826
      60  -1.830663  -1.98781  0.78867  0.663E-05  0.722E-02  pot  S   0.01000  0.4818
      61  -1.830691  -1.95973  0.78894  0.653E-05  0.715E-02  pot  S   0.01000  0.4810
      62  -1.830718  -1.93214  0.78921  0.642E-05  0.708E-02  pot  S   0.01000  0.4802
      63  -1.830745  -1.90502  0.78948  0.633E-05  0.701E-02  pot  S   0.01000  0.4794
      64  -1.830770  -1.87838  0.78975  0.623E-05  0.694E-02  pot  S   0.01000  0.4786
      65  -1.830795  -1.85219  0.79002  0.614E-05  0.688E-02  pot  S   0.01000  0.4779
      66  -1.830819  -1.82645  0.79028  0.604E-05  0.681E-02  pot  S   0.01000  0.4771
      67  -1.830843  -1.80114  0.79054  0.595E-05  0.674E-02  pot  S   0.01000  0.4763
      68  -1.830865  -1.77626  0.79081  0.587E-05  0.668E-02  pot  S   0.01000  0.4755
      69  -1.830888  -1.75179  0.79107  0.578E-05  0.661E-02  pot  S   0.01000  0.4748
      70  -1.830909  -1.72773  0.79132  0.570E-05  0.655E-02  pot  S   0.01000  0.4740
      71  -1.830930  -1.70407  0.79158  0.561E-05  0.648E-02  pot  S   0.01000  0.4733
      72  -1.830950  -1.68079  0.79184  0.553E-05  0.642E-02  pot  S   0.01000  0.4725
      73  -1.830970  -1.65789  0.79209  0.546E-05  0.635E-02  pot  S   0.01000  0.4717
      74  -1.830989  -1.63537  0.79234  0.538E-05  0.629E-02  pot  S   0.01000  0.4710
      75  -1.831007  -1.61321  0.79259  0.530E-05  0.623E-02  pot  S   0.01000  0.4702
      76  -1.831025  -1.59140  0.79284  0.523E-05  0.617E-02  pot  S   0.01000  0.4695
      77  -1.831043  -1.56994  0.79309  0.516E-05  0.611E-02  pot  S   0.01000  0.4687
      78  -1.831060  -1.54882  0.79334  0.509E-05  0.605E-02  pot  S   0.01000  0.4680
      79  -1.831077  -1.52803  0.79358  0.502E-05  0.599E-02  pot  S   0.01000  0.4672
      80  -1.831093  -1.50757  0.79382  0.495E-05  0.593E-02  pot  S   0.01000  0.4665
      81  -1.831108  -1.48743  0.79406  0.488E-05  0.587E-02  pot  S   0.01000  0.4658
      82  -1.831124  -1.46760  0.79430  0.482E-05  0.581E-02  pot  S   0.01000  0.4650
      83  -1.831139  -1.44807  0.79454  0.476E-05  0.575E-02  pot  S   0.01000  0.4643
      84  -1.831153  -1.42885  0.79477  0.469E-05  0.569E-02  pot  S   0.01000  0.4636
      85  -1.831167  -1.40992  0.79500  0.463E-05  0.564E-02  pot  S   0.01000  0.4628
      86  -1.831181  -1.39128  0.79523  0.457E-05  0.558E-02  pot  S   0.01000  0.4621
      87  -1.831194  -1.37291  0.79546  0.451E-05  0.553E-02  pot  S   0.01000  0.4614
      88  -1.831207  -1.35483  0.79569  0.445E-05  0.547E-02  pot  S   0.01000  0.4607
      89  -1.831219  -1.33702  0.79591  0.439E-05  0.542E-02  pot  S   0.01000  0.4599
      90  -1.831231  -1.31947  0.79614  0.434E-05  0.536E-02  pot  S   0.01000  0.4592
      91  -1.831243  -1.30218  0.79636  0.428E-05  0.531E-02  pot  S   0.01000  0.4585
      92  -1.831255  -1.28515  0.79658  0.422E-05  0.525E-02  pot  S   0.01000  0.4578
      93  -1.831266  -1.26837  0.79680  0.417E-05  0.520E-02  pot  S   0.01000  0.4571
      94  -1.831277  -1.25183  0.79701  0.412E-05  0.515E-02  pot  S   0.01000  0.4564
      95  -1.831288  -1.23554  0.79723  0.406E-05  0.510E-02  pot  S   0.01000  0.4557
      96  -1.831298  -1.21948  0.79744  0.401E-05  0.505E-02  pot  S   0.01000  0.4550
      97  -1.831308  -1.20365  0.79765  0.398E-05  0.500E-02  pot  S   0.01000  0.4543
      98  -1.831318  -1.18806  0.79786  0.397E-05  0.495E-02  pot  S   0.01000  0.4536
      99  -1.831327  -1.17268  0.79806  0.396E-05  0.490E-02  pot  S   0.01000  0.4529
     100  -1.831337  -1.15753  0.79827  0.395E-05  0.485E-02  pot  S   0.01000  0.4522
     101  -1.831346  -1.14260  0.79847  0.393E-05  0.480E-02  pot  S   0.01000  0.4515
     102  -1.831354  -1.12787  0.79867  0.392E-05  0.475E-02  pot  S   0.01000  0.4508
     103  -1.831363  -1.11336  0.79887  0.391E-05  0.470E-02  pot  S   0.01000  0.4501
     104  -1.831371  -1.09905  0.79907  0.390E-05  0.465E-02  pot  S   0.01000  0.4494
     105  -1.831379  -1.08494  0.79926  0.388E-05  0.461E-02  pot  S   0.01000  0.4488
     106  -1.831387  -1.07102  0.79945  0.387E-05  0.456E-02  pot  S   0.01000  0.4481
     107  -1.831395  -1.05731  0.79965  0.386E-05  0.452E-02  pot  S   0.01000  0.4474
     108  -1.831402  -1.04378  0.79983  0.384E-05  0.447E-02  pot  S   0.01000  0.4467
     109  -1.831410  -1.03044  0.80002  0.383E-05  0.442E-02  pot  S   0.01000  0.4461
     110  -1.831417  -1.01729  0.80021  0.382E-05  0.438E-02  pot  S   0.01000  0.4454
     111  -1.831424  -1.00431  0.80039  0.381E-05  0.434E-02  pot  S   0.01000  0.4447
     112  -1.831430  -0.99152  0.80058  0.379E-05  0.429E-02  pot  S   0.01000  0.4441
     113  -1.831437  -0.97890  0.80076  0.378E-05  0.425E-02  pot  S   0.01000  0.4434
     114  -1.831443  -0.96645  0.80094  0.377E-05  0.421E-02  pot  S   0.01000  0.4427
     115  -1.831449  -0.95418  0.80111  0.376E-05  0.416E-02  pot  S   0.01000  0.4421
     116  -1.831455  -0.94207  0.80129  0.374E-05  0.412E-02  pot  S   0.01000  0.4414
     117  -1.831461  -0.93012  0.80146  0.373E-05  0.408E-02  pot  S   0.01000  0.4408
     118  -1.831467  -0.91834  0.80163  0.372E-05  0.404E-02  pot  S   0.01000  0.4401
     119  -1.831473  -0.90671  0.80181  0.371E-05  0.400E-02  pot  S   0.01000  0.4395
     120  -1.831478  -0.89525  0.80197  0.370E-05  0.396E-02  pot  S   0.01000  0.4388
     121  -1.831483  -0.88393  0.80214  0.368E-05  0.392E-02  pot  S   0.01000  0.4382
     122  -1.831488  -0.87277  0.80231  0.367E-05  0.388E-02  pot  S   0.01000  0.4375
     123  -1.831493  -0.86176  0.80247  0.366E-05  0.384E-02  pot  S   0.01000  0.4369
     124  -1.831498  -0.85089  0.80263  0.365E-05  0.380E-02  pot  S   0.01000  0.4362
     125  -1.831503  -0.84017  0.80279  0.363E-05  0.376E-02  pot  S   0.01000  0.4356
     126  -1.831508  -0.82959  0.80295  0.362E-05  0.372E-02  pot  S   0.01000  0.4350
     127  -1.831512  -0.81915  0.80311  0.361E-05  0.369E-02  pot  S   0.01000  0.4343
     128  -1.831517  -0.80885  0.80326  0.360E-05  0.365E-02  pot  S   0.01000  0.4337
     129  -1.831521  -0.79868  0.80342  0.359E-05  0.361E-02  pot  S   0.01000  0.4331
     130  -1.831525  -0.78865  0.80357  0.357E-05  0.357E-02  pot  S   0.01000  0.4325
     131  -1.831529  -0.77875  0.80372  0.356E-05  0.354E-02  pot  S   0.01000  0.4318
     132  -1.831533  -0.76898  0.80387  0.355E-05  0.350E-02  pot  S   0.01000  0.4312
     133  -1.831537  -0.75934  0.80402  0.354E-05  0.347E-02  pot  S   0.01000  0.4306
     134  -1.831541  -0.74983  0.80417  0.353E-05  0.343E-02  pot  S   0.01000  0.4300
     135  -1.831544  -0.74044  0.80431  0.352E-05  0.340E-02  pot  S   0.01000  0.4294
     136  -1.831548  -0.73117  0.80445  0.350E-05  0.336E-02  pot  S   0.01000  0.4288
     137  -1.831552  -0.72202  0.80460  0.349E-05  0.333E-02  pot  S   0.01000  0.4281
     138  -1.831555  -0.71299  0.80474  0.348E-05  0.330E-02  pot  S   0.01000  0.4275
     139  -1.831558  -0.70408  0.80488  0.347E-05  0.326E-02  pot  S   0.01000  0.4269
     140  -1.831562  -0.69528  0.80501  0.346E-05  0.323E-02  pot  S   0.01000  0.4263
     141  -1.831565  -0.68660  0.80515  0.345E-05  0.320E-02  pot  S   0.01000  0.4257
     142  -1.831568  -0.67803  0.80528  0.343E-05  0.316E-02  pot  S   0.01000  0.4251
     143  -1.831571  -0.66957  0.80542  0.342E-05  0.313E-02  pot  S   0.01000  0.4245
     144  -1.831574  -0.66122  0.80555  0.341E-05  0.310E-02  pot  S   0.01000  0.4239
     145  -1.831577  -0.65298  0.80568  0.340E-05  0.307E-02  pot  S   0.01000  0.4233
     146  -1.831579  -0.64484  0.80581  0.339E-05  0.304E-02  pot  S   0.01000  0.4227
     147  -1.831582  -0.63680  0.80594  0.338E-05  0.301E-02  pot  S   0.01000  0.4222
     148  -1.831585  -0.62887  0.80606  0.337E-05  0.298E-02  pot  S   0.01000  0.4216
     149  -1.831587  -0.62104  0.80619  0.335E-05  0.295E-02  pot  S   0.01000  0.4210
     150  -1.831590  -0.61332  0.80631  0.334E-05  0.292E-02  pot  S   0.01000  0.4204
     151  -1.831592  -0.60569  0.80644  0.333E-05  0.289E-02  pot  S   0.01000  0.4198
     152  -1.831595  -0.59815  0.80656  0.332E-05  0.286E-02  pot  S   0.01000  0.4192
     153  -1.831597  -0.59071  0.80668  0.331E-05  0.283E-02  pot  S   0.01000  0.4187
     154  -1.831599  -0.58337  0.80680  0.330E-05  0.280E-02  pot  S   0.01000  0.4181
     155  -1.831602  -0.57612  0.80691  0.329E-05  0.277E-02  pot  S   0.01000  0.4175
     156  -1.831604  -0.56897  0.80703  0.328E-05  0.274E-02  pot  S   0.01000  0.4169
     157  -1.831606  -0.56190  0.80714  0.327E-05  0.272E-02  pot  S   0.01000  0.4164
     158  -1.831608  -0.55492  0.80726  0.326E-05  0.269E-02  pot  S   0.01000  0.4158
     159  -1.831610  -0.54803  0.80737  0.324E-05  0.266E-02  pot  S   0.01000  0.4152
     160  -1.831612  -0.54123  0.80748  0.323E-05  0.264E-02  pot  S   0.01000  0.4147
     161  -1.831614  -0.53452  0.80759  0.322E-05  0.261E-02  pot  S   0.01000  0.4141
     162  -1.831616  -0.52789  0.80770  0.321E-05  0.258E-02  pot  S   0.01000  0.4135
     163  -1.831618  -0.52134  0.80781  0.320E-05  0.256E-02  pot  S   0.01000  0.4130
     164  -1.831619  -0.51488  0.80792  0.319E-05  0.253E-02  pot  S   0.01000  0.4124
     165  -1.831621  -0.50849  0.80802  0.318E-05  0.251E-02  pot  S   0.01000  0.4119
     166  -1.831623  -0.50219  0.80813  0.317E-05  0.248E-02  pot  S   0.01000  0.4113
     167  -1.831625  -0.49597  0.80823  0.316E-05  0.246E-02  pot  S   0.01000  0.4108
     168  -1.831626  -0.48982  0.80833  0.315E-05  0.243E-02  pot  S   0.01000  0.4102
     169  -1.831628  -0.48375  0.80843  0.314E-05  0.241E-02  pot  S   0.01000  0.4097
     170  -1.831629  -0.47776  0.80853  0.313E-05  0.238E-02  pot  S   0.01000  0.4091
     171  -1.831631  -0.47185  0.80863  0.312E-05  0.236E-02  pot  S   0.01000  0.4086
     172  -1.831633  -0.46600  0.80873  0.311E-05  0.233E-02  pot  S   0.01000  0.4080
     173  -1.831634  -0.46023  0.80883  0.310E-05  0.231E-02  pot  S   0.01000  0.4075
     174  -1.831635  -0.45454  0.80892  0.309E-05  0.229E-02  pot  S   0.01000  0.4070
     175  -1.831637  -0.44891  0.80902  0.308E-05  0.226E-02  pot  S   0.01000  0.4064
     176  -1.831638  -0.44335  0.80911  0.307E-05  0.224E-02  pot  S   0.01000  0.4059
     177  -1.831640  -0.43787  0.80920  0.306E-05  0.222E-02  pot  S   0.01000  0.4054
     178  -1.831641  -0.43245  0.80929  0.305E-05  0.220E-02  pot  S   0.01000  0.4048
     179  -1.831642  -0.42710  0.80938  0.304E-05  0.217E-02  pot  S   0.01000  0.4043
     180  -1.831644  -0.42182  0.80947  0.303E-05  0.215E-02  pot  S   0.01000  0.4038
