This file contains single site DOS for a stand-alone atom, i.e., in vacuum
Atomic index in the system :   1
----------------------------------------------------
Fermi energy     :  0.73296529                              
Species index    :  5                                       
Num Energy Points:   500                                    
----------------------------------------------------
    Energy     DOS_total        DOS_up      DOS_down
 -0.100000  0.000000E+00  0.000000E+00  0.000000E+00
 -0.097194  0.000000E+00  0.000000E+00  0.000000E+00
 -0.094389  0.000000E+00  0.000000E+00  0.000000E+00
 -0.091583  0.000000E+00  0.000000E+00  0.000000E+00
 -0.088778  0.000000E+00  0.000000E+00  0.000000E+00
 -0.085972  0.000000E+00  0.000000E+00  0.000000E+00
 -0.083166  0.000000E+00  0.000000E+00  0.000000E+00
 -0.080361  0.000000E+00  0.000000E+00  0.000000E+00
 -0.077555  0.000000E+00  0.000000E+00  0.000000E+00
 -0.074749  0.000000E+00  0.000000E+00  0.000000E+00
 -0.071944  0.000000E+00  0.000000E+00  0.000000E+00
 -0.069138  0.000000E+00  0.000000E+00  0.000000E+00
 -0.066333  0.000000E+00  0.000000E+00  0.000000E+00
 -0.063527  0.000000E+00  0.000000E+00  0.000000E+00
 -0.060721  0.000000E+00  0.000000E+00  0.000000E+00
 -0.057916  0.000000E+00  0.000000E+00  0.000000E+00
 -0.055110  0.000000E+00  0.000000E+00  0.000000E+00
 -0.052305  0.000000E+00  0.000000E+00  0.000000E+00
 -0.049499  0.000000E+00  0.000000E+00  0.000000E+00
 -0.046693  0.000000E+00  0.000000E+00  0.000000E+00
 -0.043888  0.000000E+00  0.000000E+00  0.000000E+00
 -0.041082  0.000000E+00  0.000000E+00  0.000000E+00
 -0.038277  0.000000E+00  0.000000E+00  0.000000E+00
 -0.035471  0.000000E+00  0.000000E+00  0.000000E+00
 -0.032665  0.000000E+00  0.000000E+00  0.000000E+00
 -0.029860  0.000000E+00  0.000000E+00  0.000000E+00
 -0.027054  0.000000E+00  0.000000E+00  0.000000E+00
 -0.024248  0.000000E+00  0.000000E+00  0.000000E+00
 -0.021443  0.000000E+00  0.000000E+00  0.000000E+00
 -0.018637  0.000000E+00  0.000000E+00  0.000000E+00
 -0.015832  0.000000E+00  0.000000E+00  0.000000E+00
 -0.013026  0.000000E+00  0.000000E+00  0.000000E+00
 -0.010220  0.000000E+00  0.000000E+00  0.000000E+00
 -0.007415  0.000000E+00  0.000000E+00  0.000000E+00
 -0.004609  0.000000E+00  0.000000E+00  0.000000E+00
 -0.001804  0.000000E+00  0.000000E+00  0.000000E+00
  0.001002  0.477840E-01  0.226788E-01  0.251052E-01
  0.003808  0.937177E-01  0.445008E-01  0.492169E-01
  0.006613  0.124258E+00  0.590303E-01  0.652278E-01
  0.009419  0.149182E+00  0.709029E-01  0.782789E-01
  0.012224  0.170965E+00  0.812923E-01  0.896730E-01
  0.015030  0.190690E+00  0.907104E-01  0.999796E-01
  0.017836  0.208942E+00  0.994346E-01  0.109507E+00
  0.020641  0.226080E+00  0.107635E+00  0.118445E+00
  0.023447  0.242343E+00  0.115423E+00  0.126919E+00
  0.026253  0.257897E+00  0.122879E+00  0.135018E+00
  0.029058  0.272867E+00  0.130061E+00  0.142806E+00
  0.031864  0.287346E+00  0.137012E+00  0.150334E+00
  0.034669  0.301406E+00  0.143768E+00  0.157638E+00
  0.037475  0.315106E+00  0.150354E+00  0.164752E+00
  0.040281  0.328492E+00  0.156795E+00  0.171698E+00
  0.043086  0.341604E+00  0.163106E+00  0.178498E+00
  0.045892  0.354475E+00  0.169305E+00  0.185169E+00
  0.048697  0.367131E+00  0.175404E+00  0.191727E+00
  0.051503  0.379596E+00  0.181413E+00  0.198182E+00
  0.054309  0.391891E+00  0.187344E+00  0.204547E+00
  0.057114  0.404034E+00  0.193202E+00  0.210831E+00
  0.059920  0.416039E+00  0.198997E+00  0.217042E+00
  0.062725  0.427922E+00  0.204734E+00  0.223188E+00
  0.065531  0.439695E+00  0.210420E+00  0.229275E+00
  0.068337  0.451367E+00  0.216059E+00  0.235309E+00
  0.071142  0.462951E+00  0.221655E+00  0.241295E+00
  0.073948  0.474453E+00  0.227214E+00  0.247239E+00
  0.076754  0.485884E+00  0.232739E+00  0.253145E+00
  0.079559  0.497250E+00  0.238233E+00  0.259017E+00
  0.082365  0.508558E+00  0.243700E+00  0.264859E+00
  0.085170  0.519816E+00  0.249142E+00  0.270674E+00
  0.087976  0.531028E+00  0.254563E+00  0.276466E+00
  0.090782  0.542201E+00  0.259964E+00  0.282237E+00
  0.093587  0.553340E+00  0.265349E+00  0.287991E+00
  0.096393  0.564450E+00  0.270719E+00  0.293731E+00
  0.099198  0.575536E+00  0.276077E+00  0.299458E+00
  0.102004  0.586601E+00  0.281425E+00  0.305176E+00
  0.104810  0.597651E+00  0.286764E+00  0.310887E+00
  0.107615  0.608690E+00  0.292097E+00  0.316593E+00
  0.110421  0.619721E+00  0.297424E+00  0.322296E+00
  0.113226  0.630748E+00  0.302749E+00  0.327999E+00
  0.116032  0.641775E+00  0.308072E+00  0.333703E+00
  0.118838  0.652806E+00  0.313395E+00  0.339411E+00
  0.121643  0.663844E+00  0.318719E+00  0.345124E+00
  0.124449  0.674892E+00  0.324047E+00  0.350845E+00
  0.127255  0.685953E+00  0.329379E+00  0.356575E+00
  0.130060  0.697032E+00  0.334716E+00  0.362316E+00
  0.132866  0.708130E+00  0.340061E+00  0.368070E+00
  0.135671  0.719252E+00  0.345414E+00  0.373838E+00
  0.138477  0.730401E+00  0.350777E+00  0.379623E+00
  0.141283  0.741578E+00  0.356151E+00  0.385427E+00
  0.144088  0.752789E+00  0.361538E+00  0.391251E+00
  0.146894  0.764034E+00  0.366938E+00  0.397097E+00
  0.149699  0.775319E+00  0.372353E+00  0.402966E+00
  0.152505  0.786645E+00  0.377784E+00  0.408861E+00
  0.155311  0.798017E+00  0.383233E+00  0.414783E+00
  0.158116  0.809436E+00  0.388701E+00  0.420735E+00
  0.160922  0.820906E+00  0.394189E+00  0.426717E+00
  0.163727  0.832430E+00  0.399697E+00  0.432732E+00
  0.166533  0.844011E+00  0.405229E+00  0.438782E+00
  0.169339  0.855653E+00  0.410784E+00  0.444869E+00
  0.172144  0.867359E+00  0.416365E+00  0.450994E+00
  0.174950  0.879132E+00  0.421972E+00  0.457160E+00
  0.177756  0.890975E+00  0.427606E+00  0.463368E+00
  0.180561  0.902891E+00  0.433270E+00  0.469621E+00
  0.183367  0.914884E+00  0.438964E+00  0.475920E+00
  0.186172  0.926958E+00  0.444690E+00  0.482269E+00
  0.188978  0.939116E+00  0.450449E+00  0.488668E+00
  0.191784  0.951362E+00  0.456242E+00  0.495120E+00
  0.194589  0.963698E+00  0.462071E+00  0.501627E+00
  0.197395  0.976130E+00  0.467938E+00  0.508192E+00
  0.200200  0.988660E+00  0.473844E+00  0.514817E+00
  0.203006  0.100129E+01  0.479789E+00  0.521504E+00
  0.205812  0.101403E+01  0.485777E+00  0.528257E+00
  0.208617  0.102688E+01  0.491808E+00  0.535076E+00
  0.211423  0.103985E+01  0.497884E+00  0.541966E+00
  0.214228  0.105294E+01  0.504007E+00  0.548929E+00
  0.217034  0.106614E+01  0.510178E+00  0.555967E+00
  0.219840  0.107948E+01  0.516399E+00  0.563083E+00
  0.222645  0.109295E+01  0.522671E+00  0.570281E+00
  0.225451  0.110656E+01  0.528997E+00  0.577563E+00
  0.228257  0.112031E+01  0.535378E+00  0.584932E+00
  0.231062  0.113421E+01  0.541816E+00  0.592392E+00
  0.233868  0.114826E+01  0.548313E+00  0.599946E+00
  0.236673  0.116247E+01  0.554870E+00  0.607598E+00
  0.239479  0.117684E+01  0.561491E+00  0.615350E+00
  0.242285  0.119138E+01  0.568176E+00  0.623207E+00
  0.245090  0.120610E+01  0.574929E+00  0.631172E+00
  0.247896  0.122100E+01  0.581750E+00  0.639249E+00
  0.250701  0.123609E+01  0.588643E+00  0.647443E+00
  0.253507  0.125137E+01  0.595609E+00  0.655757E+00
  0.256313  0.126685E+01  0.602652E+00  0.664195E+00
  0.259118  0.128254E+01  0.609772E+00  0.672763E+00
  0.261924  0.129844E+01  0.616973E+00  0.681464E+00
  0.264729  0.131456E+01  0.624258E+00  0.690304E+00
  0.267535  0.133092E+01  0.631628E+00  0.699288E+00
  0.270341  0.134751E+01  0.639087E+00  0.708420E+00
  0.273146  0.136434E+01  0.646637E+00  0.717705E+00
  0.275952  0.138143E+01  0.654281E+00  0.727151E+00
  0.278758  0.139878E+01  0.662022E+00  0.736761E+00
  0.281563  0.141641E+01  0.669863E+00  0.746542E+00
  0.284369  0.143431E+01  0.677808E+00  0.756501E+00
  0.287174  0.145250E+01  0.685858E+00  0.766643E+00
  0.289980  0.147099E+01  0.694019E+00  0.776976E+00
  0.292786  0.148980E+01  0.702292E+00  0.787506E+00
  0.295591  0.150892E+01  0.710682E+00  0.798240E+00
  0.298397  0.152838E+01  0.719192E+00  0.809186E+00
  0.301202  0.154818E+01  0.727825E+00  0.820351E+00
  0.304008  0.156833E+01  0.736587E+00  0.831744E+00
  0.306814  0.158885E+01  0.745480E+00  0.843374E+00
  0.309619  0.160976E+01  0.754509E+00  0.855248E+00
  0.312425  0.163105E+01  0.763678E+00  0.867376E+00
  0.315230  0.165276E+01  0.772991E+00  0.879768E+00
  0.318036  0.167489E+01  0.782454E+00  0.892433E+00
  0.320842  0.169745E+01  0.792070E+00  0.905382E+00
  0.323647  0.172047E+01  0.801844E+00  0.918625E+00
  0.326453  0.174396E+01  0.811782E+00  0.932174E+00
  0.329259  0.176793E+01  0.821889E+00  0.946040E+00
  0.332064  0.179241E+01  0.832170E+00  0.960236E+00
  0.334870  0.181740E+01  0.842630E+00  0.974775E+00
  0.337675  0.184294E+01  0.853276E+00  0.989669E+00
  0.340481  0.186905E+01  0.864113E+00  0.100493E+01
  0.343287  0.189573E+01  0.875148E+00  0.102058E+01
  0.346092  0.192301E+01  0.886386E+00  0.103663E+01
  0.348898  0.195093E+01  0.897835E+00  0.105309E+01
  0.351703  0.197949E+01  0.909502E+00  0.106999E+01
  0.354509  0.200872E+01  0.921393E+00  0.108733E+01
  0.357315  0.203866E+01  0.933516E+00  0.110514E+01
  0.360120  0.206932E+01  0.945879E+00  0.112344E+01
  0.362926  0.210073E+01  0.958489E+00  0.114225E+01
  0.365731  0.213293E+01  0.971355E+00  0.116158E+01
  0.368537  0.216595E+01  0.984485E+00  0.118146E+01
  0.371343  0.219981E+01  0.997889E+00  0.120192E+01
  0.374148  0.223455E+01  0.101157E+01  0.122297E+01
  0.376954  0.227020E+01  0.102555E+01  0.124465E+01
  0.379760  0.230681E+01  0.103983E+01  0.126697E+01
  0.382565  0.234440E+01  0.105443E+01  0.128998E+01
  0.385371  0.238303E+01  0.106934E+01  0.131369E+01
  0.388176  0.242273E+01  0.108459E+01  0.133813E+01
  0.390982  0.246354E+01  0.110019E+01  0.136335E+01
  0.393788  0.250552E+01  0.111614E+01  0.138937E+01
  0.396593  0.254871E+01  0.113247E+01  0.141624E+01
  0.399399  0.259316E+01  0.114918E+01  0.144398E+01
  0.402204  0.263893E+01  0.116629E+01  0.147264E+01
  0.405010  0.268607E+01  0.118381E+01  0.150226E+01
  0.407816  0.273464E+01  0.120175E+01  0.153289E+01
  0.410621  0.278471E+01  0.122014E+01  0.156457E+01
  0.413427  0.283634E+01  0.123899E+01  0.159735E+01
  0.416232  0.288960E+01  0.125831E+01  0.163129E+01
  0.419038  0.294456E+01  0.127812E+01  0.166644E+01
  0.421844  0.300130E+01  0.129845E+01  0.170285E+01
  0.424649  0.305990E+01  0.131931E+01  0.174060E+01
  0.427455  0.312045E+01  0.134071E+01  0.177973E+01
  0.430261  0.318303E+01  0.136269E+01  0.182034E+01
  0.433066  0.324774E+01  0.138526E+01  0.186248E+01
  0.435872  0.331468E+01  0.140845E+01  0.190623E+01
  0.438677  0.338395E+01  0.143227E+01  0.195168E+01
  0.441483  0.345568E+01  0.145676E+01  0.199892E+01
  0.444289  0.352997E+01  0.148194E+01  0.204803E+01
  0.447094  0.360694E+01  0.150783E+01  0.209911E+01
  0.449900  0.368675E+01  0.153448E+01  0.215227E+01
  0.452705  0.376951E+01  0.156189E+01  0.220762E+01
  0.455511  0.385539E+01  0.159012E+01  0.226527E+01
  0.458317  0.394453E+01  0.161918E+01  0.232535E+01
  0.461122  0.403711E+01  0.164911E+01  0.238799E+01
  0.463928  0.413329E+01  0.167996E+01  0.245334E+01
  0.466733  0.423328E+01  0.171175E+01  0.252153E+01
  0.469539  0.433726E+01  0.174452E+01  0.259274E+01
  0.472345  0.444545E+01  0.177833E+01  0.266713E+01
  0.475150  0.455808E+01  0.181320E+01  0.274488E+01
  0.477956  0.467537E+01  0.184919E+01  0.282619E+01
  0.480762  0.479759E+01  0.188634E+01  0.291125E+01
  0.483567  0.492500E+01  0.192470E+01  0.300030E+01
  0.486373  0.505789E+01  0.196433E+01  0.309356E+01
  0.489178  0.519657E+01  0.200528E+01  0.319129E+01
  0.491984  0.534136E+01  0.204761E+01  0.329375E+01
  0.494790  0.549260E+01  0.209138E+01  0.340122E+01
  0.497595  0.565067E+01  0.213666E+01  0.351402E+01
  0.500401  0.581596E+01  0.218350E+01  0.363246E+01
  0.503206  0.598888E+01  0.223199E+01  0.375689E+01
  0.506012  0.616988E+01  0.228219E+01  0.388769E+01
  0.508818  0.635943E+01  0.233419E+01  0.402524E+01
  0.511623  0.655805E+01  0.238807E+01  0.416998E+01
  0.514429  0.676627E+01  0.244391E+01  0.432235E+01
  0.517234  0.698466E+01  0.250181E+01  0.448284E+01
  0.520040  0.721383E+01  0.256187E+01  0.465196E+01
  0.522846  0.745443E+01  0.262417E+01  0.483026E+01
  0.525651  0.770716E+01  0.268884E+01  0.501832E+01
  0.528457  0.797275E+01  0.275599E+01  0.521676E+01
  0.531263  0.825198E+01  0.282573E+01  0.542625E+01
  0.534068  0.854567E+01  0.289819E+01  0.564748E+01
  0.536874  0.885470E+01  0.297351E+01  0.588119E+01
  0.539679  0.917999E+01  0.305182E+01  0.612817E+01
  0.542485  0.952252E+01  0.313327E+01  0.638925E+01
  0.545291  0.988331E+01  0.321801E+01  0.666529E+01
  0.548096  0.102634E+02  0.330622E+01  0.695720E+01
  0.550902  0.106640E+02  0.339806E+01  0.726593E+01
  0.553707  0.110862E+02  0.349371E+01  0.759246E+01
  0.556513  0.115312E+02  0.359337E+01  0.793779E+01
  0.559319  0.120002E+02  0.369725E+01  0.830295E+01
  0.562124  0.124945E+02  0.380554E+01  0.868898E+01
  0.564930  0.130154E+02  0.391848E+01  0.909691E+01
  0.567735  0.135641E+02  0.403631E+01  0.952775E+01
  0.570541  0.141417E+02  0.415928E+01  0.998246E+01
  0.573347  0.147496E+02  0.428764E+01  0.104619E+02
  0.576152  0.153886E+02  0.442167E+01  0.109670E+02
  0.578958  0.160598E+02  0.456166E+01  0.114982E+02
  0.581764  0.167639E+02  0.470791E+01  0.120560E+02
  0.584569  0.175014E+02  0.486075E+01  0.126406E+02
  0.587375  0.182724E+02  0.502049E+01  0.132520E+02
  0.590180  0.190769E+02  0.518750E+01  0.138894E+02
  0.592986  0.199142E+02  0.536213E+01  0.145521E+02
  0.595792  0.207830E+02  0.554475E+01  0.152383E+02
  0.598597  0.216817E+02  0.573576E+01  0.159459E+02
  0.601403  0.226075E+02  0.593555E+01  0.166720E+02
  0.604208  0.235573E+02  0.614456E+01  0.174127E+02
  0.607014  0.245267E+02  0.636319E+01  0.181635E+02
  0.609820  0.255106E+02  0.659189E+01  0.189187E+02
  0.612625  0.265029E+02  0.683110E+01  0.196718E+02
  0.615431  0.274965E+02  0.708127E+01  0.204153E+02
  0.618236  0.284837E+02  0.734284E+01  0.211408E+02
  0.621042  0.294557E+02  0.761625E+01  0.218394E+02
  0.623848  0.304035E+02  0.790194E+01  0.225016E+02
  0.626653  0.313179E+02  0.820033E+01  0.231175E+02
  0.629459  0.321894E+02  0.851181E+01  0.236775E+02
  0.632265  0.330092E+02  0.883675E+01  0.241725E+02
  0.635070  0.337693E+02  0.917545E+01  0.245939E+02
  0.637876  0.344629E+02  0.952818E+01  0.249347E+02
  0.640681  0.350844E+02  0.989513E+01  0.251893E+02
  0.643487  0.356303E+02  0.102764E+02  0.253539E+02
  0.646293  0.360987E+02  0.106720E+02  0.254267E+02
  0.649098  0.364899E+02  0.110819E+02  0.254080E+02
  0.651904  0.368059E+02  0.115057E+02  0.253002E+02
  0.654709  0.370503E+02  0.119430E+02  0.251073E+02
  0.657515  0.372284E+02  0.123933E+02  0.248351E+02
  0.660321  0.373462E+02  0.128556E+02  0.244906E+02
  0.663126  0.374109E+02  0.133289E+02  0.240820E+02
  0.665932  0.374295E+02  0.138119E+02  0.236176E+02
  0.668737  0.374093E+02  0.143029E+02  0.231064E+02
  0.671543  0.373571E+02  0.148000E+02  0.225571E+02
  0.674349  0.372791E+02  0.153010E+02  0.219781E+02
  0.677154  0.371805E+02  0.158032E+02  0.213773E+02
  0.679960  0.370658E+02  0.163037E+02  0.207620E+02
  0.682766  0.369382E+02  0.167994E+02  0.201388E+02
  0.685571  0.367999E+02  0.172866E+02  0.195133E+02
  0.688377  0.366521E+02  0.177616E+02  0.188905E+02
  0.691182  0.364949E+02  0.182203E+02  0.182745E+02
  0.693988  0.363276E+02  0.186588E+02  0.176689E+02
  0.696794  0.361489E+02  0.190727E+02  0.170762E+02
  0.699599  0.359567E+02  0.194579E+02  0.164988E+02
  0.702405  0.357487E+02  0.198104E+02  0.159383E+02
  0.705210  0.355222E+02  0.201263E+02  0.153959E+02
  0.708016  0.352747E+02  0.204023E+02  0.148724E+02
  0.710822  0.350035E+02  0.206352E+02  0.143683E+02
  0.713627  0.347065E+02  0.208227E+02  0.138837E+02
  0.716433  0.343817E+02  0.209629E+02  0.134187E+02
  0.719238  0.340278E+02  0.210547E+02  0.129731E+02
  0.722044  0.336440E+02  0.210974E+02  0.125465E+02
  0.724850  0.332300E+02  0.210915E+02  0.121386E+02
  0.727655  0.327863E+02  0.210377E+02  0.117486E+02
  0.730461  0.323139E+02  0.209378E+02  0.113762E+02
  0.733267  0.318143E+02  0.207938E+02  0.110205E+02
  0.736072  0.312895E+02  0.206085E+02  0.106811E+02
  0.738878  0.307420E+02  0.203849E+02  0.103571E+02
  0.741683  0.301745E+02  0.201265E+02  0.100480E+02
  0.744489  0.295899E+02  0.198368E+02  0.975308E+01
  0.747295  0.289913E+02  0.195197E+02  0.947165E+01
  0.750100  0.283819E+02  0.191788E+02  0.920308E+01
  0.752906  0.277648E+02  0.188180E+02  0.894675E+01
  0.755711  0.271429E+02  0.184409E+02  0.870206E+01
  0.758517  0.265192E+02  0.180508E+02  0.846842E+01
  0.761323  0.258963E+02  0.176511E+02  0.824527E+01
  0.764128  0.252767E+02  0.172446E+02  0.803209E+01
  0.766934  0.246626E+02  0.168342E+02  0.782836E+01
  0.769739  0.240559E+02  0.164223E+02  0.763360E+01
  0.772545  0.234583E+02  0.160110E+02  0.744735E+01
  0.775351  0.228714E+02  0.156022E+02  0.726918E+01
  0.778156  0.222963E+02  0.151977E+02  0.709867E+01
  0.780962  0.217342E+02  0.147987E+02  0.693543E+01
  0.783768  0.211857E+02  0.144066E+02  0.677908E+01
  0.786573  0.206515E+02  0.140222E+02  0.662928E+01
  0.789379  0.201321E+02  0.136464E+02  0.648570E+01
  0.792184  0.196278E+02  0.132797E+02  0.634801E+01
  0.794990  0.191387E+02  0.129227E+02  0.621594E+01
  0.797796  0.186649E+02  0.125757E+02  0.608919E+01
  0.800601  0.182064E+02  0.122389E+02  0.596751E+01
  0.803407  0.177631E+02  0.119125E+02  0.585064E+01
  0.806212  0.173347E+02  0.115964E+02  0.573834E+01
  0.809018  0.169211E+02  0.112907E+02  0.563041E+01
  0.811824  0.165219E+02  0.109952E+02  0.552662E+01
  0.814629  0.161367E+02  0.107099E+02  0.542678E+01
  0.817435  0.157653E+02  0.104346E+02  0.533070E+01
  0.820240  0.154072E+02  0.101690E+02  0.523820E+01
  0.823046  0.150621E+02  0.991293E+01  0.514912E+01
  0.825852  0.147294E+02  0.966614E+01  0.506330E+01
  0.828657  0.144089E+02  0.942834E+01  0.498059E+01
  0.831463  0.141001E+02  0.919927E+01  0.490085E+01
  0.834269  0.138026E+02  0.897865E+01  0.482394E+01
  0.837074  0.135159E+02  0.876618E+01  0.474974E+01
  0.839880  0.132397E+02  0.856159E+01  0.467812E+01
  0.842685  0.129736E+02  0.836458E+01  0.460898E+01
  0.845491  0.127171E+02  0.817488E+01  0.454220E+01
  0.848297  0.124699E+02  0.799220E+01  0.447768E+01
  0.851102  0.122316E+02  0.781628E+01  0.441533E+01
  0.853908  0.120019E+02  0.764685E+01  0.435506E+01
  0.856713  0.117804E+02  0.748365E+01  0.429677E+01
  0.859519  0.115668E+02  0.732643E+01  0.424039E+01
  0.862325  0.113608E+02  0.717495E+01  0.418583E+01
  0.865130  0.111620E+02  0.702898E+01  0.413302E+01
  0.867936  0.109702E+02  0.688829E+01  0.408190E+01
  0.870741  0.107850E+02  0.675266E+01  0.403238E+01
  0.873547  0.106063E+02  0.662188E+01  0.398442E+01
  0.876353  0.104337E+02  0.649576E+01  0.393794E+01
  0.879158  0.102670E+02  0.637410E+01  0.389289E+01
  0.881964  0.101059E+02  0.625671E+01  0.384921E+01
  0.884770  0.995028E+01  0.614342E+01  0.380685E+01
  0.887575  0.979983E+01  0.603407E+01  0.376576E+01
  0.890381  0.965438E+01  0.592848E+01  0.372590E+01
  0.893186  0.951372E+01  0.582651E+01  0.368721E+01
  0.895992  0.937766E+01  0.572800E+01  0.364965E+01
  0.898798  0.924601E+01  0.563282E+01  0.361319E+01
  0.901603  0.911860E+01  0.554082E+01  0.357777E+01
  0.904409  0.899526E+01  0.545189E+01  0.354337E+01
  0.907214  0.887584E+01  0.536589E+01  0.350995E+01
  0.910020  0.876018E+01  0.528271E+01  0.347747E+01
  0.912826  0.864813E+01  0.520224E+01  0.344589E+01
  0.915631  0.853955E+01  0.512436E+01  0.341520E+01
  0.918437  0.843432E+01  0.504898E+01  0.338534E+01
  0.921242  0.833231E+01  0.497600E+01  0.335631E+01
  0.924048  0.823338E+01  0.490532E+01  0.332807E+01
  0.926854  0.813744E+01  0.483685E+01  0.330059E+01
  0.929659  0.804436E+01  0.477052E+01  0.327385E+01
  0.932465  0.795404E+01  0.470623E+01  0.324781E+01
  0.935271  0.786638E+01  0.464391E+01  0.322247E+01
  0.938076  0.778129E+01  0.458349E+01  0.319780E+01
  0.940882  0.769866E+01  0.452489E+01  0.317377E+01
  0.943687  0.761841E+01  0.446804E+01  0.315037E+01
  0.946493  0.754045E+01  0.441289E+01  0.312757E+01
  0.949299  0.746471E+01  0.435936E+01  0.310535E+01
  0.952104  0.739110E+01  0.430740E+01  0.308370E+01
  0.954910  0.731956E+01  0.425695E+01  0.306260E+01
  0.957715  0.725000E+01  0.420796E+01  0.304204E+01
  0.960521  0.718236E+01  0.416038E+01  0.302198E+01
  0.963327  0.711658E+01  0.411415E+01  0.300243E+01
  0.966132  0.705259E+01  0.406923E+01  0.298337E+01
  0.968938  0.699034E+01  0.402556E+01  0.296477E+01
  0.971743  0.692975E+01  0.398312E+01  0.294663E+01
  0.974549  0.687079E+01  0.394185E+01  0.292894E+01
  0.977355  0.681338E+01  0.390171E+01  0.291167E+01
  0.980160  0.675750E+01  0.386267E+01  0.289483E+01
  0.982966  0.670307E+01  0.382469E+01  0.287838E+01
  0.985772  0.665007E+01  0.378773E+01  0.286233E+01
  0.988577  0.659843E+01  0.375176E+01  0.284667E+01
  0.991383  0.654813E+01  0.371675E+01  0.283138E+01
  0.994188  0.649911E+01  0.368266E+01  0.281644E+01
  0.996994  0.645133E+01  0.364947E+01  0.280186E+01
  0.999800  0.640477E+01  0.361714E+01  0.278762E+01
  1.002605  0.635937E+01  0.358566E+01  0.277372E+01
  1.005411  0.631511E+01  0.355498E+01  0.276013E+01
  1.008216  0.627195E+01  0.352509E+01  0.274686E+01
  1.011022  0.622986E+01  0.349595E+01  0.273390E+01
  1.013828  0.618880E+01  0.346756E+01  0.272124E+01
  1.016633  0.614874E+01  0.343988E+01  0.270886E+01
  1.019439  0.610966E+01  0.341289E+01  0.269677E+01
  1.022244  0.607153E+01  0.338658E+01  0.268495E+01
  1.025050  0.603431E+01  0.336091E+01  0.267340E+01
  1.027856  0.599799E+01  0.333587E+01  0.266212E+01
  1.030661  0.596253E+01  0.331145E+01  0.265108E+01
  1.033467  0.592792E+01  0.328762E+01  0.264030E+01
  1.036273  0.589412E+01  0.326437E+01  0.262975E+01
  1.039078  0.586112E+01  0.324168E+01  0.261945E+01
  1.041884  0.582889E+01  0.321953E+01  0.260937E+01
  1.044689  0.579742E+01  0.319790E+01  0.259952E+01
  1.047495  0.576667E+01  0.317679E+01  0.258988E+01
  1.050301  0.573664E+01  0.315618E+01  0.258046E+01
  1.053106  0.570730E+01  0.313605E+01  0.257125E+01
  1.055912  0.567863E+01  0.311639E+01  0.256224E+01
  1.058717  0.565061E+01  0.309719E+01  0.255342E+01
  1.061523  0.562324E+01  0.307843E+01  0.254481E+01
  1.064329  0.559648E+01  0.306011E+01  0.253638E+01
  1.067134  0.557033E+01  0.304220E+01  0.252813E+01
  1.069940  0.554477E+01  0.302470E+01  0.252007E+01
  1.072745  0.551979E+01  0.300760E+01  0.251218E+01
  1.075551  0.549536E+01  0.299089E+01  0.250447E+01
  1.078357  0.547148E+01  0.297456E+01  0.249692E+01
  1.081162  0.544813E+01  0.295859E+01  0.248954E+01
  1.083968  0.542529E+01  0.294298E+01  0.248232E+01
  1.086774  0.540297E+01  0.292772E+01  0.247525E+01
  1.089579  0.538113E+01  0.291279E+01  0.246834E+01
  1.092385  0.535978E+01  0.289820E+01  0.246158E+01
  1.095190  0.533889E+01  0.288392E+01  0.245497E+01
  1.097996  0.531846E+01  0.286997E+01  0.244850E+01
  1.100802  0.529848E+01  0.285631E+01  0.244217E+01
  1.103607  0.527893E+01  0.284296E+01  0.243597E+01
  1.106413  0.525981E+01  0.282989E+01  0.242992E+01
  1.109218  0.524110E+01  0.281711E+01  0.242399E+01
  1.112024  0.522280E+01  0.280460E+01  0.241819E+01
  1.114830  0.520489E+01  0.279237E+01  0.241252E+01
  1.117635  0.518737E+01  0.278040E+01  0.240698E+01
  1.120441  0.517023E+01  0.276868E+01  0.240155E+01
  1.123246  0.515346E+01  0.275721E+01  0.239625E+01
  1.126052  0.513705E+01  0.274599E+01  0.239106E+01
  1.128858  0.512099E+01  0.273501E+01  0.238598E+01
  1.131663  0.510527E+01  0.272426E+01  0.238101E+01
  1.134469  0.508990E+01  0.271374E+01  0.237616E+01
  1.137275  0.507485E+01  0.270344E+01  0.237141E+01
  1.140080  0.506012E+01  0.269336E+01  0.236676E+01
  1.142886  0.504571E+01  0.268349E+01  0.236222E+01
  1.145691  0.503161E+01  0.267383E+01  0.235778E+01
  1.148497  0.501780E+01  0.266437E+01  0.235344E+01
  1.151303  0.500430E+01  0.265510E+01  0.234919E+01
  1.154108  0.499108E+01  0.264604E+01  0.234504E+01
  1.156914  0.497814E+01  0.263716E+01  0.234099E+01
  1.159719  0.496548E+01  0.262846E+01  0.233702E+01
  1.162525  0.495310E+01  0.261995E+01  0.233315E+01
  1.165331  0.494097E+01  0.261161E+01  0.232936E+01
  1.168136  0.492911E+01  0.260345E+01  0.232566E+01
  1.170942  0.491750E+01  0.259546E+01  0.232204E+01
  1.173747  0.490614E+01  0.258763E+01  0.231851E+01
  1.176553  0.489502E+01  0.257997E+01  0.231505E+01
  1.179359  0.488414E+01  0.257246E+01  0.231168E+01
  1.182164  0.487350E+01  0.256511E+01  0.230839E+01
  1.184970  0.486308E+01  0.255791E+01  0.230517E+01
  1.187776  0.485289E+01  0.255086E+01  0.230203E+01
  1.190581  0.484292E+01  0.254396E+01  0.229897E+01
  1.193387  0.483317E+01  0.253720E+01  0.229597E+01
  1.196192  0.482363E+01  0.253058E+01  0.229305E+01
  1.198998  0.481430E+01  0.252409E+01  0.229020E+01
  1.201804  0.480516E+01  0.251775E+01  0.228742E+01
  1.204609  0.479623E+01  0.251153E+01  0.228471E+01
  1.207415  0.478750E+01  0.250544E+01  0.228206E+01
  1.210220  0.477896E+01  0.249948E+01  0.227948E+01
  1.213026  0.477060E+01  0.249364E+01  0.227696E+01
  1.215832  0.476243E+01  0.248792E+01  0.227451E+01
  1.218637  0.475444E+01  0.248232E+01  0.227212E+01
  1.221443  0.474663E+01  0.247684E+01  0.226979E+01
  1.224248  0.473900E+01  0.247148E+01  0.226752E+01
  1.227054  0.473153E+01  0.246622E+01  0.226531E+01
  1.229860  0.472424E+01  0.246108E+01  0.226316E+01
  1.232665  0.471711E+01  0.245604E+01  0.226107E+01
  1.235471  0.471014E+01  0.245111E+01  0.225903E+01
  1.238277  0.470333E+01  0.244628E+01  0.225705E+01
  1.241082  0.469668E+01  0.244156E+01  0.225512E+01
  1.243888  0.469018E+01  0.243693E+01  0.225324E+01
  1.246693  0.468383E+01  0.243241E+01  0.225142E+01
  1.249499  0.467763E+01  0.242798E+01  0.224965E+01
  1.252305  0.467158E+01  0.242364E+01  0.224793E+01
  1.255110  0.466567E+01  0.241940E+01  0.224627E+01
  1.257916  0.465990E+01  0.241525E+01  0.224465E+01
  1.260721  0.465426E+01  0.241119E+01  0.224308E+01
  1.263527  0.464877E+01  0.240721E+01  0.224156E+01
  1.266333  0.464341E+01  0.240332E+01  0.224008E+01
  1.269138  0.463817E+01  0.239952E+01  0.223865E+01
  1.271944  0.463307E+01  0.239580E+01  0.223727E+01
  1.274749  0.462810E+01  0.239216E+01  0.223593E+01
  1.277555  0.462325E+01  0.238861E+01  0.223464E+01
  1.280361  0.461852E+01  0.238513E+01  0.223339E+01
  1.283166  0.461391E+01  0.238173E+01  0.223218E+01
  1.285972  0.460942E+01  0.237840E+01  0.223102E+01
  1.288778  0.460505E+01  0.237515E+01  0.222990E+01
  1.291583  0.460079E+01  0.237198E+01  0.222881E+01
  1.294389  0.459664E+01  0.236887E+01  0.222777E+01
  1.297194  0.459261E+01  0.236584E+01  0.222677E+01
  1.300000  0.458869E+01  0.236288E+01  0.222581E+01
