***************************************************************************************
*  Note:                                                                              *
*     In the MuST version 1.8.2 and prior, the total energy value includes the zero-  *
*     point lattice energy. Starting from version v1.8.3, the zero point lattice      *
*     energy is removed from the total energy value and is explicitly printed out in  *
*     one of the following lines. If needed, one will have to add the zero-point      *
*     lattice energy to the total energy by hand.                                     *
***************************************************************************************
Source Code Version                  : v1.9.4.17                                         
System Description                   : Fe34Ni33Cr33 Final Broyden                        
Number of Atoms in Unit Cell         : 1                                                 
Number of Atomic Species             : 1                                                 
Number of Atoms in Each Type         : 1(CPA)                                            
Unit Cell Volume (au^3)              : 0.69243183D+02                                    
Average Atomic Volume (au^3)         : 69.24318                                          
Zero Point Lattice Energy/Atom (Ryd) : 0.00440                                           
Zero Point Lattice PV3/Atom (Ryd)    : 0.02073                                           
Energy Offset                        : -2539                                             
=======================================================================================
    Iter    Energy      3PV     Efermi   Rms_rho    Rms_pot   Mix Alg   Alpha    Mom  
---------------------------------------------------------------------------------------
**     1  -0.588942  -0.19679  0.84069  0.394E-05  0.274E-02  pot  B   0.01000  0.4992
       2  -0.588945  -0.19337  0.84080  0.393E-05  0.271E-02  pot  B   0.01000  0.4984
       3  -0.338677  -0.97399  0.84588  0.386E-03  0.245E-01  pot  B   0.01000  0.4322
       4  -0.589103   0.10509  0.85056  0.359E-03  0.333E-03  pot  B   0.01000  0.4328
       5  -0.589105   0.09851  0.85035  0.468E-05  0.395E-03  pot  B   0.01000  0.4337
       6  -0.589106   0.10097  0.85043  0.403E-05  0.375E-03  pot  B   0.01000  0.4329
       7  -0.589118   0.10176  0.85047  0.139E-04  0.357E-03  pot  B   0.01000  0.4304
       8  -0.589132   0.10219  0.85044  0.171E-04  0.453E-03  pot  B   0.01000  0.4273
       9  -0.588750  -0.04810  0.85031  0.262E-03  0.372E-02  pot  B   0.01000  0.3784
      10  -0.589040  -0.02811  0.85055  0.143E-03  0.300E-02  pot  B   0.01000  0.3529
      11  -0.589119  -0.01895  0.85062  0.655E-04  0.280E-02  pot  B   0.01000  0.3412
      12  -0.589211  -0.00429  0.85029  0.127E-03  0.267E-02  pot  B   0.01000  0.3184
      13  -0.589487   0.04471  0.85008  0.932E-04  0.122E-02  pot  B   0.01000  0.3022
      14  -0.589474   0.04512  0.85006  0.101E-04  0.133E-02  pot  B   0.01000  0.3030
      15  -0.589360   0.04741  0.84947  0.491E-04  0.209E-02  pot  B   0.01000  0.3028
      16  -0.589498   0.05255  0.85028  0.577E-04  0.103E-02  pot  B   0.01000  0.3132
      17  -0.589513   0.05808  0.84998  0.629E-04  0.123E-02  pot  B   0.01000  0.3041
      18  -0.589580   0.04871  0.84991  0.602E-04  0.504E-03  pot  B   0.01000  0.2976
      19  -0.589555   0.05354  0.84992  0.392E-04  0.741E-03  pot  B   0.01000  0.3033
      20  -0.589598   0.05169  0.84975  0.677E-04  0.216E-03  pot  B   0.01000  0.2908
      21  -0.589651   0.06927  0.84943  0.159E-03  0.417E-03  pot  B   0.01000  0.2689
      22  -0.589671   0.06464  0.84937  0.504E-04  0.294E-03  pot  B   0.01000  0.2627
      23  -0.589722   0.05790  0.84927  0.147E-03  0.158E-03  pot  B   0.01000  0.2345
      24  -0.589724   0.05948  0.84924  0.845E-05  0.170E-03  pot  B   0.01000  0.2334
      25  -0.589721   0.06243  0.84927  0.162E-04  0.173E-03  pot  B   0.01000  0.2366
      26  -0.589726   0.06261  0.84929  0.224E-04  0.174E-03  pot  B   0.01000  0.2343
      27  -0.589729   0.06324  0.84927  0.122E-04  0.179E-03  pot  B   0.01000  0.2330
      28  -0.589725   0.06593  0.84926  0.225E-04  0.156E-03  pot  B   0.01000  0.2371
      29  -0.589710   0.07652  0.84916  0.944E-04  0.179E-03  pot  B   0.01000  0.2461
      30  -0.589726   0.06876  0.84924  0.527E-04  0.123E-03  pot  B   0.01000  0.2380
      31  -0.589728   0.06810  0.84923  0.804E-05  0.129E-03  pot  B   0.01000  0.2370
      32  -0.589744   0.05874  0.84916  0.638E-04  0.133E-03  pot  B   0.01000  0.2309
      33  -0.589741   0.05873  0.84915  0.181E-04  0.134E-03  pot  B   0.01000  0.2332
      34  -0.589732   0.05757  0.84919  0.279E-04  0.120E-03  pot  B   0.01000  0.2384
      35  -0.589733   0.05720  0.84919  0.289E-05  0.121E-03  pot  B   0.01000  0.2387
      36  -0.589860   0.04992  0.84788  0.646E-03  0.125E-03  pot  B   0.01000  0.1572
      37  -0.589868   0.03864  0.84804  0.892E-04  0.730E-04  pot  B   0.01000  0.1451
      38  -0.589861   0.04279  0.84803  0.681E-04  0.123E-03  pot  B   0.01000  0.1548
      39  -0.589872   0.03516  0.84800  0.973E-04  0.124E-03  pot  B   0.01000  0.1417
      40  -0.589876   0.03498  0.84797  0.346E-04  0.602E-04  pot  B   0.01000  0.1362
      41  -0.589861   0.04110  0.84799  0.152E-03  0.224E-03  pot  B   0.01000  0.1576
      42  -0.589867   0.03889  0.84796  0.630E-04  0.162E-03  pot  B   0.01000  0.1498
      43  -0.589876   0.03719  0.84795  0.754E-04  0.648E-04  pot  B   0.01000  0.1389
      44  -0.589873   0.03838  0.84795  0.336E-04  0.875E-04  pot  B   0.01000  0.1434
      45  -0.589905   0.03782  0.84766  0.478E-03  0.157E-03  pot  B   0.01000  0.0840
      46  -0.589905   0.03524  0.84768  0.122E-04  0.115E-03  pot  B   0.01000  0.0864
      47  -0.589903   0.03576  0.84775  0.155E-04  0.677E-04  pot  B   0.01000  0.0860
      48  -0.589907   0.03631  0.84772  0.751E-04  0.597E-04  pot  B   0.01000  0.0766
      49  -0.589905   0.03569  0.84773  0.296E-04  0.469E-04  pot  B   0.01000  0.0803
      50  -0.589908   0.04651  0.84751  0.268E-04  0.249E-03  pot  B   0.01000  0.0766
      51  -0.589905   0.04024  0.84762  0.658E-04  0.148E-03  pot  B   0.01000  0.0857
      52  -0.589906   0.04460  0.84756  0.411E-04  0.222E-03  pot  B   0.01000  0.0802
      53  -0.589905   0.04275  0.84759  0.127E-04  0.199E-03  pot  B   0.01000  0.0811
      54  -0.589907   0.04567  0.84756  0.249E-04  0.223E-03  pot  B   0.01000  0.0810
      55  -0.589903   0.03601  0.84777  0.553E-04  0.226E-04  pot  B   0.01000  0.0883
      56  -0.589903   0.03585  0.84778  0.721E-05  0.226E-04  pot  B   0.01000  0.0892
      57  -0.589901   0.03567  0.84779  0.255E-04  0.236E-04  pot  B   0.01000  0.0924
      58  -0.589902   0.03577  0.84778  0.206E-06  0.205E-04  pot  B   0.01000  0.0924
      59  -0.589903   0.03561  0.84776  0.252E-04  0.267E-04  pot  B   0.01000  0.0898
      60  -0.589904   0.03519  0.84775  0.241E-04  0.209E-04  pot  B   0.01000  0.0870
      61  -0.589905   0.03480  0.84775  0.334E-04  0.417E-04  pot  B   0.01000  0.0829
      62  -0.589906   0.03538  0.84774  0.830E-05  0.298E-04  pot  B   0.01000  0.0818
      63  -0.589911   0.04036  0.84760  0.139E-03  0.150E-03  pot  B   0.01000  0.0632
      64  -0.589911   0.03938  0.84762  0.111E-04  0.131E-03  pot  B   0.01000  0.0648
      65  -0.589910   0.03833  0.84764  0.112E-04  0.104E-03  pot  B   0.01000  0.0663
      66  -0.589909   0.03564  0.84770  0.316E-04  0.232E-04  pot  B   0.01000  0.0709
      67  -0.589909   0.03560  0.84771  0.249E-05  0.247E-04  pot  B   0.01000  0.0709
      68  -0.589910   0.03559  0.84770  0.220E-04  0.223E-04  pot  B   0.01000  0.0684
      69  -0.589910   0.03552  0.84769  0.110E-04  0.226E-04  pot  B   0.01000  0.0672
      70  -0.589913   0.03400  0.84765  0.495E-04  0.266E-04  pot  B   0.01000  0.0614
      71  -0.589912   0.03464  0.84764  0.171E-04  0.189E-04  pot  B   0.01000  0.0634
      72  -0.589915   0.03731  0.84757  0.604E-04  0.457E-04  pot  B   0.01000  0.0535
      73  -0.589916   0.03960  0.84753  0.447E-04  0.420E-04  pot  B   0.01000  0.0480
      74  -0.589913   0.03488  0.84762  0.101E-03  0.281E-04  pot  B   0.01000  0.0612
      75  -0.589913   0.03455  0.84763  0.754E-05  0.155E-04  pot  B   0.01000  0.0623
      76  -0.589917   0.03352  0.84758  0.182E-03  0.345E-04  pot  B   0.01000  0.0391
      77  -0.589918   0.03356  0.84756  0.376E-04  0.160E-04  pot  B   0.01000  0.0342
      78  -0.589918   0.03338  0.84757  0.150E-04  0.130E-04  pot  B   0.01000  0.0324
      79  -0.589919   0.03363  0.84756  0.193E-04  0.192E-04  pot  B   0.01000  0.0301
      80  -0.589919   0.03319  0.84756  0.469E-05  0.123E-04  pot  B   0.01000  0.0297
      81  -0.589920   0.03759  0.84747  0.103E-03  0.885E-04  pot  B   0.01000  0.0162
      82  -0.589920   0.03311  0.84754  0.312E-04  0.159E-04  pot  B   0.01000  0.0207
      83  -0.589920   0.03673  0.84749  0.340E-04  0.741E-04  pot  B   0.01000  0.0164
      84  -0.589920   0.03324  0.84753  0.755E-05  0.573E-05  pot  B   0.01000  0.0154
      85  -0.589920   0.03163  0.84754  0.160E-04  0.112E-04  pot  B   0.01000  0.0173
      86  -0.589920   0.03282  0.84752  0.227E-04  0.950E-05  pot  B   0.01000  0.0142
      87  -0.589920   0.03263  0.84752  0.243E-05  0.582E-05  pot  B   0.01000  0.0138
      88  -0.589921   0.03261  0.84752  0.121E-04  0.513E-05  pot  B   0.01000  0.0119
      89  -0.589921   0.03246  0.84752  0.993E-05  0.685E-05  pot  B   0.01000  0.0106
      90  -0.589921   0.03278  0.84751  0.103E-04  0.749E-05  pot  B   0.01000  0.0092
      91  -0.589921   0.03228  0.84752  0.637E-06  0.533E-05  pot  B   0.01000  0.0092
      92  -0.589921   0.03260  0.84751  0.162E-04  0.488E-05  pot  B   0.01000  0.0072
      93  -0.589921   0.03228  0.84752  0.545E-06  0.442E-05  pot  B   0.01000  0.0072
      94  -0.589921   0.03242  0.84751  0.149E-04  0.475E-05  pot  B   0.01000  0.0053
      95  -0.589921   0.03240  0.84751  0.191E-05  0.443E-05  pot  B   0.01000  0.0055
      96  -0.589921   0.03230  0.84751  0.159E-06  0.418E-05  pot  B   0.01000  0.0055
      97  -0.589921   0.03214  0.84752  0.466E-05  0.346E-05  pot  B   0.01000  0.0059
      98  -0.589921   0.03214  0.84752  0.395E-05  0.343E-05  pot  B   0.01000  0.0063
      99  -0.589921   0.03215  0.84752  0.194E-05  0.282E-05  pot  B   0.01000  0.0066
     100  -0.589921   0.03213  0.84752  0.239E-05  0.279E-05  pot  B   0.01000  0.0062
     101  -0.589921   0.03221  0.84752  0.104E-04  0.273E-05  pot  B   0.01000  0.0048
     102  -0.589921   0.03216  0.84752  0.365E-05  0.208E-05  pot  B   0.01000  0.0044
     103  -0.589921   0.03211  0.84752  0.391E-05  0.185E-05  pot  B   0.01000  0.0039
     104  -0.589921   0.03215  0.84752  0.902E-05  0.163E-05  pot  B   0.01000  0.0028
     105  -0.589921   0.03224  0.84752  0.290E-05  0.174E-05  pot  B   0.01000  0.0025
     106  -0.589921   0.03228  0.84752  0.129E-05  0.149E-05  pot  B   0.01000  0.0026
     107  -0.589921   0.03229  0.84752  0.211E-05  0.145E-05  pot  B   0.01000  0.0029
     108  -0.589921   0.03219  0.84752  0.459E-05  0.237E-05  pot  B   0.01000  0.0034
     109  -0.589921   0.03224  0.84752  0.513E-06  0.150E-05  pot  B   0.01000  0.0034
     110  -0.589921   0.03240  0.84752  0.958E-05  0.115E-05  pot  B   0.01000  0.0021
     111  -0.589921   0.03234  0.84752  0.779E-06  0.867E-06  pot  B   0.01000  0.0022
     112  -0.589921   0.03235  0.84752  0.114E-05  0.927E-06  pot  B   0.01000  0.0023
     113  -0.589921   0.03238  0.84752  0.249E-05  0.702E-06  pot  B   0.01000  0.0020
     114  -0.589921   0.03237  0.84752  0.169E-05  0.723E-06  pot  B   0.01000  0.0018
     115  -0.589921   0.03234  0.84752  0.216E-05  0.673E-06  pot  B   0.01000  0.0015
     116  -0.589921   0.03236  0.84752  0.178E-05  0.672E-06  pot  B   0.01000  0.0013
     117  -0.589921   0.03230  0.84752  0.359E-06  0.575E-06  pot  B   0.01000  0.0012
     118  -0.589921   0.03235  0.84752  0.343E-06  0.486E-06  pot  B   0.01000  0.0011
     119  -0.589921   0.03233  0.84752  0.334E-06  0.383E-06  pot  B   0.01000  0.0011
     120  -0.589921   0.03233  0.84752  0.877E-06  0.487E-06  pot  B   0.01000  0.0010
     121  -0.589921   0.03234  0.84752  0.812E-06  0.268E-06  pot  B   0.01000  0.0009
     122  -0.589921   0.03234  0.84752  0.165E-05  0.305E-06  pot  B   0.01000  0.0007
     123  -0.589921   0.03234  0.84752  0.682E-07  0.337E-06  pot  B   0.01000  0.0006
     124  -0.589921   0.03234  0.84752  0.100E-06  0.344E-06  pot  B   0.01000  0.0006
     125  -0.589921   0.03235  0.84752  0.252E-05  0.277E-06  pot  B   0.01000  0.0003
     126  -0.589921   0.03233  0.84752  0.232E-06  0.267E-06  pot  B   0.01000  0.0003
     127  -0.589921   0.03233  0.84752  0.108E-05  0.376E-06  pot  B   0.01000  0.0001
     128  -0.589921   0.03233  0.84752  0.263E-06  0.256E-06  pot  B   0.01000  0.0001
     129  -0.589921   0.03232  0.84752  0.749E-06  0.228E-06  pot  B   0.01000  0.0000
     130  -0.589921   0.03232  0.84752  0.474E-07  0.227E-06  pot  B   0.01000  0.0000
     131  -0.589921   0.03232  0.84752  0.617E-07  0.228E-06  pot  B   0.01000  0.0000
     132  -0.589921   0.03231  0.84752  0.401E-06  0.233E-06  pot  B   0.01000  0.0001
     133  -0.589921   0.03231  0.84752  0.110E-06  0.217E-06  pot  B   0.01000  0.0001
     134  -0.589921   0.03232  0.84752  0.406E-06  0.194E-06  pot  B   0.01000  0.0000
     135  -0.589921   0.03232  0.84752  0.132E-06  0.131E-06  pot  B   0.01000  0.0000
     136  -0.589921   0.03232  0.84752  0.785E-07  0.110E-06  pot  B   0.01000  0.0000
     137  -0.589921   0.03232  0.84752  0.519E-06  0.926E-07  pot  B   0.01000 -0.0001
     138  -0.589921   0.03232  0.84752  0.221E-06  0.860E-07  pot  B   0.01000 -0.0001
     139  -0.589921   0.03231  0.84752  0.329E-08  0.864E-07  pot  B   0.01000 -0.0001
